2.1179801236435605	0.3135232025133267
0.48834543182124224	1.1819348671258474
3.894977515067633	0.22344858688093486
3.6010873559316714	-1.066011163344539
1.111877637435777	0.1324641316418686
0.5401141270635988	0.2868577574531887
2.8087598293142833	0.9331273624394419
5.996329019448187	0.6989473692510617
1.8825272565865134	-0.13782970344070863
2.3923308286939218	0.06044643187807392
0.12500456371644297	1.2599715365167852
2.651148919506328	0.5173284000865034
2.0111650318043033	-0.9862247943439049
0.5700202104677692	1.402537193322198
2.2375091526187667	-0.35437271364674605
1.7243254395548444	-0.4098032432986575
0.7840969210313293	1.4326320464011177
6.007324846475946	0.38736058727445327
5.190169542377808	-0.463694043231679
3.6842325846391972	0.7391205055652293
1.9177042931220267	0.4348824792674702
4.289492285070507	0.7739045618860948
1.9744075098047427	-0.1791926399117766
3.8224023484261984	-1.0715402195540187
4.206415662426849	-0.7389570218504071
1.743869031414457	0.05967656084808059
0.029594887131570324	0.27425991407833045
3.69010460311012	0.08291187135215301
2.702549724400631	-0.7161641585178382
5.752170230380457	1.4770488901085876
2.3499603667110875	0.4323192970721836
4.41209360131562	1.8600821477108547
4.1265663480736805	-0.5541300457025027
2.8239436910209417	-0.6839079929421356
6.026755843338267	-0.6181629740981334
3.694699454093161	0.30630798997367936
1.0419663011391416	-0.7834158428596669
1.6118619202462563	0.3808875163324609
4.199561229598494	-1.409705705529377
5.52281957390813	0.5089533470994195
1.5076590725809451	0.011003249426321235
3.611621175991244	0.07503616507458273
2.7235738733252157	-0.8272458521945147
4.985379316057811	1.419111057936544
4.096064410010804	-1.4988723836447355
3.406076980461385	0.1383842397774169
1.1505226739327377	0.026343751785693436
5.86060006373954	0.772686785485159
2.771512521563309	-1.566740443304112
2.528304998983147	0.16324407871962493
0.12217835986537863	0.820968286876109
6.174354764664177	0.6832461537732247
4.71610003313229	1.3564478418438892
6.212604792809188	0.12907035880311651
0.6831067149830599	1.3930870047217785
3.2323480585175823	-0.7868400576485254
2.6973904788171215	0.8655516359198578
4.448276604784873	0.2503562363439147
0.2346436085865637	0.6820134394511087
2.6014820374447716	-0.7580766064573273
4.584293287703408	-1.6141316617773802
0.02344732412956052	0.34527562830095
1.593808213186788	0.7624826159003602
1.5829598068806296	0.25110956727717887
1.947026209227542	0.3379477887048626
1.0333522878563492	-1.0323566567261933
4.978482038706517	-1.1177566934899903
5.80366966862197	-0.317790377222323
0.372894995017818	0.45307007127751286
2.413907677542327	0.49114740005758245
3.650230090004393	-0.9091531977039624
0.5862307679341184	0.4790175907312536
2.338096061475784	0.8230051626739485
4.394748282827674	1.612933623168828
1.7238766228661815	0.5698677370413471
1.3525384978185535	0.4143540624416998
0.04271660964270918	-0.24017205182755572
6.106502485075951	0.4139350771988753
5.390502413458671	0.18572731794673852
3.344078981565457	0.11526782105027429
0.9323061041909567	0.19648129262028852
1.905058413893489	0.029236007308280732
0.7146182015871734	0.939273816872918
2.9930844170654773	0.877054374399143
5.969378285833576	-1.2879864566071864
5.3990989796310656	0.15144028359497583
0.6039337238757212	1.2083327249310234
2.2208879324596102	0.14983417339462904
3.0355430456450057	-1.050281696460638
5.169269457547213	-0.1621009797611517
1.952647399434512	-1.574503112326506
0.9886444174130249	0.058774526054907586
4.933798683624877	1.0740476917140311
0.5080320186987715	1.189897315003537
1.7233470944979228	1.729736860292693
4.8085278020307864	-0.1014273561837414
2.01950147386853	-1.208399608571858
3.747648305230772	0.33058516977217456
2.052661422801455	1.0032884404255262
2.0209169989619755	1.2125936292399595
0.7451219632981321	0.13413503144423194
3.9923787375022752	1.0125194583034656
3.2204402887155936	-0.6355283054806222
2.542068956423889	0.10767272563930444
3.3582809176160495	-0.8411411025906967
4.379796254025365	-0.8711590605132045
5.569560299059329	0.6285083302303358
3.9779693657713207	-1.1370129264979947
3.187380522911693	-1.4985960448326585
0.24180250075336218	-0.3371948701965999
2.793968213134563	-0.2556882325108808
4.831222268007165	-0.5340552783462391
1.35224748386125	0.71678438593629
4.457621622397009	-1.2533923866891608
2.39670816801855	0.07669746558077022
3.9665520526636087	0.3164309103326815
2.2155480670708494	0.8933365166850453
1.5454767543641417	1.0355628680252413
1.2690726010179958	0.5514462715380205
5.499427270485129	0.5303858276578621
5.539894241923778	-1.6237962735688165
4.961946281755553	-1.2062115174594903
5.313046500950517	0.3636117683832377
3.746689201015583	0.5647799942422006
1.1451706939963342	0.3195762985580278
4.402134593760605	-0.26539791764011256
2.996242900770488	-0.8884587185262781
5.261070561449468	0.35670558031691363
4.451046281650422	0.08538147769477686
4.41762942069958	0.6858775133179061
4.988535887441992	-0.5235934399562806
0.8878906423499118	-0.5400041613684563
4.289817046334246	-0.043306011753246505
4.530476043069434	-0.6596657527896861
2.663001053977258	-2.00404661094065
5.8876128825362795	-0.6978890912083358
4.513286575314046	-0.8666461111882275
4.180538271310018	-1.9450363555910068
3.6189819452322283	-0.9255196139402647
3.025789960131533	-1.6518996393803347
2.1250677042232455	0.3936981075898293
5.060007154490994	-1.2711706425372684
4.931350894616507	-0.33391272506817765
1.9838500774053616	0.5649167516740184
5.05565234646787	-0.45924969673351823
5.502855517193075	0.0757401751526001
2.3568656574319697	0.3435086141381366
3.442622826500685	-1.7530307583192362
1.6106569320053035	0.8972340665176871
6.000638456299765	0.2931823753401553
5.821846590997913	1.7129842066272793
5.474233291426058	-0.8370384232951367
3.7331923670790865	-1.1022084803668852
2.2834507946442866	-0.0582124267195031
2.4353048787739304	-0.19811391909174467
1.6712417295406699	-0.9082883340388234
4.995285898645491	0.7693671096694595
3.5618180600888136	0.38665516511306963
3.0706313503144784	-1.4704242966795724
4.056281718800219	0.09591169802974671
2.0196764391545488	1.1029836332206433
3.5673385026911575	-0.4605488717903878
5.811402563691973	0.7251265119297897
1.2625885155183516	0.4285504763410761
2.210724701531497	1.4427824032326284
4.745655726879426	-1.2683940516429224
5.754463867936423	-0.07409103425996574
5.084354671429115	0.7675841439312633
0.7944343332134324	0.17101330630731135
4.64038904103978	0.10857591064896159
4.65851360112225	0.05754666255577485
1.1014201644110795	0.9179394146108283
4.108397202046222	-0.5905999282649158
4.971744569789811	-0.11972361671031466
0.3094946910937462	-0.32479697848315175
2.2886862855984056	-0.15838834851268865
5.468491163931151	-0.6058335662778224
3.2681304848200483	0.3936429172075967
2.4709209378390473	-0.1300387642934568
4.084289796824464	-0.7032468315664301
3.339540178976458	0.3523823164612906
4.025532032771261	-1.355902023235905
4.291278200397217	-0.7178656521679211
4.315544316594287	0.6794613549268653
3.1748980611129856	-0.41872632075407534
1.2434126139389363	0.5765831086313506
1.1091328855215528	0.6793930383931374
5.820253771456681	-0.49537266045010825
0.6401092020611232	-0.1346156846189819
1.2098430146497616	0.2423312882915816
6.062062963088995	0.20380318118039636
0.6655698190875325	-0.14335965288492517
2.59542721843788	0.47869166141356323
2.549720281579868	1.0103658868586582
0.8013307292341141	1.179575318286841
4.769318769056682	0.8535209704761674
2.75332424873706	0.06205526959243227
5.902207968709591	0.774142122769528
1.6386545701092419	0.015124761555752129
4.034042461431239	1.445651514125944
2.119849349579548	-0.18578156087460332
2.447656632946318	-0.45021826343791577
1.0768232013077954	0.54727715693159
5.4645399004853505	-0.12334416691414556
4.778364446083412	-0.24193422526598124
3.466179479903995	-0.9764275074233326
4.186101134632597	-2.1332270747317437
2.8886224315129767	-0.09633129773933514
0.9805087122243732	-0.5857097227548487
0.3210632750899505	-0.5556577465292767
5.900187840715377	0.3526561666564562
0.6440653884627032	1.9456173955527791
4.8097647931989105	-0.3493606112349734
3.176492491190766	-0.7900768843388785
4.91821486461796	-0.11880134775108622
0.929215301255617	1.3393395481820558
4.064618373389391	0.055444936134545035
4.23857067409849	1.8522908350908407
0.014088944588287588	-1.1421536544546387
2.6148383577372525	-1.1026587381013837
5.728752300104589	0.28400533410516954
4.221970571464294	-0.4702577592868773
3.1270949674246378	0.14946073472082963
0.2942003531616635	-1.1656575999515555
0.45049465830288077	0.6298097694386979
6.201008055946269	1.184944102473556
5.941758097752244	-0.10474033682359973
4.623639400651097	0.5522674206125292
6.03115351463668	0.37719401129328006
0.7175604323367589	-0.4943820540746282
1.1099625710620618	0.8050210338027032
4.2400104988937395	0.022429127717792856
5.802664331856437	0.03793759562900665
1.946840027597176	0.46521319618914
0.7868475167786257	0.5952775770012357
1.7865168725907665	-0.29056628354590053
4.681510830671609	-0.6258249599224095
4.750188053826322	-0.18889963424048228
5.610987605446932	0.005886757449737912
4.7208324363402765	0.2434765352867659
4.918381973745696	-0.7931096632303125
2.227295001473888	0.01953421153274766
2.907739328807274	-0.5690984105262828
1.1018398579111643	0.7620108773378561
0.11426306623939854	0.9705825678673639
4.815324069965141	-1.153457589917914
0.04840365254444201	0.9372910442216191
3.559362555002699	-0.045118881683186986
3.2639853279717297	-0.7491345173215536
2.3359831544664034	-0.1721504895237687
2.0088246466117203	-1.2198338641122377
1.829319429449928	0.7999204618090053
2.665981140762839	-1.351759273818829
6.229096209455486	0.38491378948720395
2.7767022992040067	-0.1888996344308334
0.7548348302509456	-0.44006794021805634
3.5230502687792704	-0.2798826687351328
4.54528097711777	-0.033056737601421124
3.039795298672089	-0.40153800478098295
3.1815090539311885	-0.031540352381499076
0.3760793958972757	-1.7685580395465537
6.098862646449079	0.05909804345433004
0.6532454775493447	0.47672393370198696
5.243989601137768	-0.7436204113159965
5.6167148837483065	0.5857657185736866
4.948518073963825	-0.3937493021198165
2.5750167710981433	-0.3759554200582378
3.3903919872906774	0.7167471725073151
0.5473254271366947	-0.07351519090840038
5.360953738002487	0.118305932180595
5.849990993204461	0.8578001044346917
1.9367502661033722	-0.1898279302735204
1.219254886109672	-0.7559374799440107
2.2263437800866797	-1.7454091261010698
5.290061528249778	0.4164081654573913
2.5867354728222	-0.42909598129191856
0.8020688119382795	0.9541851260368329
1.0291370401572142	-1.739173275321882
4.422473972638159	-0.45471731678509847
1.0215960242876934	1.3831730687597672
5.191443617114869	0.464126207215774
5.2568583300865575	0.22384144309902212
5.888866007366272	1.041961928884235
0.9047176174837397	0.7260332194119694
2.656124060136054	-0.8262267077923374
3.895904927784372	-0.16813790718109886
1.6272688081955948	0.10834207958863662
1.3654299290643612	0.8926396940740853
1.1671892276601172	-0.8902122717369353
0.05336858780021281	1.1537333237516383
5.81238700082725	0.2175377824149343
0.8204282778477374	0.799508158220295
1.2561860326067809	-0.5409351515466769
5.457887365581971	-0.40869380047628145
3.497906186352864	-1.1953637727542314
2.9271901057006744	0.3133805601860357
3.2408964564034566	0.22343475618247238
0.9265357204527502	-0.6609758606779095
3.9598674789760757	1.2944473410050545
3.817171054881168	-0.7484137708647095
5.098811698675472	-0.6453861642455974
5.509373513782138	0.570136189198524
4.670336657638995	-0.29807469441543943
0.5037035386923945	1.5677415958496876
3.869438073752558	-0.46278329140929647
0.5976241808880722	0.2962996737507683
4.523790956510031	-0.5339536756941912
5.225820365794842	0.7936789585672305
6.223955041283232	-0.05548536301836563
4.632222338848872	0.39668380081161
5.700285820371981	-1.2659241189240602
1.866564883850452	-0.11865755020972461
5.042121804053209	-0.9517577048976888
3.880836891975767	0.11491686837482173
1.8575189589112036	-0.6523676335371288
5.9104350586210135	0.14433395638733354
6.119907163340976	-0.08957936248574289
4.71900187610245	-0.33474438244221777
5.120457386140355	-1.1633169894406457
1.3594328452320852	-0.44024040275885234
3.690668322566585	-1.5587936480519429
1.7889815456497011	-2.015118154168095
0.6221388350516507	1.4671988331926311
0.32197321111046895	0.6036828999441181
5.840115756783506	0.09229898992408436
0.9914271329069972	0.7636927800968621
0.5798901048871061	0.5797709965285669
2.5591330313840666	0.72007252099955
4.465558736846747	-0.7488210764915584
6.040840420148433	0.79380663336496
4.061866690934284	-0.4299038527592307
6.074042335128234	0.8508644183016382
4.666012912559609	-1.3543365555221207
2.491931221971426	-1.474447336623592
0.22218547987468568	1.374721125296443
0.9992430064946252	0.10098169719297274
4.270887285974837	0.3531247639913036
6.254627690446964	1.9339288210616197
1.4810378655900638	0.9729046941278819
3.908855078910973	-1.3655000307883922
5.1033751986089655	0.9802780995182073
1.8981488879818824	-1.0904098023418853
3.77138246773444	-0.6229218166965965
4.574723186439958	1.4387388663876992
5.8314275780642735	0.47406247096840526
2.7040767095091245	-0.9792573673341325
0.08258700369408878	1.4715401841437536
4.493021253473101	-0.21090666584539092
3.6766658959235468	-1.215757798722113
4.507752908062372	-1.1207992854904079
4.407914777301046	0.22212614146236082
3.914385064273075	0.11931185829384856
3.2959186655772292	-0.5476027723057699
4.578885181203132	0.8194412867910441
5.7886749977998635	-0.25108141944081025
1.8595777445839587	0.43967619667545743
0.5541501693478768	-0.1191180481792744
1.1089198150897897	1.158618164940752
2.85846626559879	-0.48234464742515953
4.114791561882317	-0.6638545839018166
6.19771343841664	0.06308099043588315
6.07349754346813	0.5063814503641523
2.6686196121983983	-1.0104048808394273
3.8399454213488706	0.9081289449076522
6.229272597866853	-0.24336345850665309
4.704077273149112	0.3772433999414789
1.718609274810789	0.3082641115131898
4.242609181669469	0.9429975794842159
4.036640662219673	-0.5759938480069544
0.5217385744605149	0.51030933868195
4.915127832468973	0.30206217688516285
2.9825898330341043	-0.19574638611323947
3.968693782736877	-0.4776587369718301
5.820491109344234	0.8814606215006785
1.0790622766673268	-0.4879263798819585
0.302120735713042	0.9640152627359166
5.6992907822563605	1.4162051559163968
5.984686292014835	-0.5932903553791153
0.47428636110256406	-0.3174421118289019
1.1520492883711417	0.4954246988022835
5.844766960311649	0.8473499901812422
4.640062718283692	0.6024425096082203
5.095266375786949	-0.8236577388277061
3.021665691089548	-0.6579282825036086
0.4103362582274128	0.559855902222374
5.997448065282018	1.010943228380655
5.96069098909348	0.3301086978037415
3.4892520365276596	0.20000590763094164
4.268870584811639	0.10773491377158628
4.891050311491716	-0.3133074894254822
2.4389507791002867	-0.06543686279683482
4.580522565228924	0.9973678786186099
4.511456971280731	-0.31544370694118623
1.6418822657834244	-0.1723168581297011
2.958087858235305	-0.2743042139001308
0.15665578301246885	0.44099945969253046
2.0058461249884214	-1.410868325444971
0.8832223756719841	-1.3596203665822264
1.4127593007579708	-1.12202883871768
2.7686630977404025	1.0772876323333933
0.4599869844072507	-0.03986221629128133
0.1050360814457445	-0.6053426504314109
4.728153734229942	1.2889396771416495
6.074869415610274	1.337663810063483
2.539124172730769	0.2702897077991767
5.48245184403333	-0.019250854037509906
4.70873332948047	-0.36894294142420975
4.185241852389214	0.07539315504704701
4.252922806188053	-1.0371997656180654
3.2651627613362804	-0.39705571844268817
3.7790293155823953	0.34432235462996225
4.067130198693162	-0.5604042614548101
4.579841267089713	0.8607982307609222
3.505062511175836	0.6912802844045286
3.2795126749234313	0.15398273665247544
2.0145194191311813	0.8552597744149759
0.09954538505126465	1.1905799995609416
0.7269510590721939	-0.3521173440255784
3.6379795106904993	-1.5177109001749745
4.5311251500693475	-0.6120027766737743
4.070033266682075	-0.9446589502645028
5.839798483719114	0.6767682017208281
0.7244414253652991	0.12026142547692376
2.595016664305043	-1.3728004093460626
4.930657172186777	0.09817782528038894
3.9554409337347156	-1.3323488425218546
6.129920708661594	-0.836834890207035
4.065670659493872	-0.4504068928756632
5.520922573397707	0.768748160704191
2.321519480031158	0.48712965234743266
4.242536831891606	-0.6232198536790549
1.6049288270198758	1.0501563531883236
4.4894746610409335	-1.4816059624754045
4.706112946329835	-1.1322644086163094
4.514507459351695	-0.16332006619687373
5.101710996028366	0.7500997725128887
3.5172302924153063	0.47521151643596804
2.8161977608539814	-0.6136152279907634
4.32641118912538	0.037325231823281346
3.2874323929893916	-0.4032952071488867
0.03451665479387316	0.6562970495325134
0.13910053692220747	0.6321102582768059
2.335800186816993	-0.6034497689331699
3.0464230750450145	-0.25663205131505107
5.0653320285274015	-0.7271880457073124
0.4662584746063435	1.0050076433826742
1.755531055177407	-1.0383214585327754
3.2828298250270596	-0.49751858541752064
4.149324325053215	-0.03965189524926154
4.520415567771427	0.6466223236130278
3.0997068055551664	-1.860392303534308
0.533713750732753	1.0378175700427865
0.5670364493905851	1.2996660047281665
0.3312815652932244	-0.4474624136600402
1.1217244505257993	1.2748482311596236
2.1002149903255454	-0.7623114928132191
0.024758507369913474	-0.3871005658869847
3.659103644604116	0.10673084124746268
0.22486426161134315	0.6804838507010659
2.7738596345290225	0.2925135290195084
4.911951087802313	0.3164900081199067
2.1380009133078453	0.15258060347138608
4.187782281704408	-0.033272189488276226
5.278548581730248	-0.287408877350506
5.665541292667634	1.550647871093709
5.231210854566785	0.8570825669114173
3.233647504360814	-0.3313657698476919
4.407720770594427	0.224439943019598
1.5112002437167833	0.032067229606208635
1.7504195627831969	-1.1645134702324826
1.4783789433107524	0.9217209222033451
4.961421169852684	1.0918698136994058
1.9938659752122057	-1.205175331554745
2.8266408211448733	-0.5568288259475696
3.477102211908729	-0.9656208427932267
3.236614446111865	-1.1862465325258211
3.2414067428489637	0.335979659491937
1.4553285860292893	0.8394156891394677
2.8908587494755498	-0.9338680467257575
3.62341653573133	-0.8204500149401314
2.6883308127706536	-1.828872117332911
4.603785073493235	-0.18195368669510745
4.30951788417392	-1.210619108876735
2.7750325544042926	1.0980893324087626
0.18854966734198686	0.1601028679450591
0.2062899636724218	0.694193603570089
4.188095905416116	0.4724183863729272
4.888476901201783	-0.8983729098855245
4.394829041703472	-0.06687183128305667
2.6479888666347704	-1.2102724599238903
4.234104256154323	-1.150443770098309
4.684575226997916	-1.3729815772596867
2.8245396297925183	-1.215055998837463
2.279034090959558	-1.7045698554085575
0.6263179222675683	0.44649031112441634
3.52910053106398	-0.5079958453857986
3.4533037038447647	0.07808971085509973
1.5801871623512893	0.7463963975060383
2.65158174355072	0.20093612829335558
5.272352447439937	-0.003368832998631809
4.127093016013612	-0.15997721618495897
3.4804618504679965	-0.44255170345495287
2.1467168737951887	-0.762423800173768
6.007510712676926	0.4804602543280065
5.441686644303205	-0.426329320706932
1.4116433873044176	-1.0878420136320954
6.0044651168675784	0.0874487786027155
5.6087603102086385	-0.19103544805435588
3.5942118949917146	-0.6784001882716062
4.38977849253411	-1.2710024166866396
0.6534563268357823	0.11303022955784521
2.843035244933149	-0.30077917291278233
4.3327080220079	-0.6126787339789828
2.1061216890284693	-0.5457787417417934
4.025943265376686	-1.4627592961843956
4.802026101144368	-0.14569597095678413
0.6063023247175172	0.7285795093429355
4.571937060698091	1.384615440193049
2.24614703392705	-0.47194610403970677
5.8822819740295245	0.10408712146936266
4.96542119354222	0.9864738075405435
3.7399391913685407	0.5938089565681268
2.5120039946721247	0.5013275077087259
0.9194070309176574	0.9362121453041942
0.3489301911161604	-0.6878285739242358
4.659847790706013	-1.3477467669482346
2.1451998166223127	-0.31686290177737986
1.8475977425252363	1.130395452292257
1.9905291135369803	-1.3875401371088136
4.949509172950074	-0.28095181883306025
5.209912555727238	1.0100447820872946
1.9838956450721668	-1.1983483221367075
3.2657713442200844	-0.2862899516075679
6.0767399440233625	0.9509093374788595
2.7896595094494927	-0.7762197646213441
0.09838342691911883	0.6608476005444383
0.4011052174152159	-0.7120234898742415
0.07009536447824338	0.6778325733715483
2.0791589246966318	-0.6140652666866413
5.000505275922834	0.09160836799532215
0.971354277505732	-1.0819492779599549
2.214289457539893	-1.0343913368896374
2.3272842306518484	-0.21093213077017045
4.846641695497352	2.617447156611105
4.611449336703422	0.05798505207181837
6.192202690305081	0.37709456031977023
3.9467624967103263	-0.20136508226442912
4.487460497662181	0.6193903886074569
5.59138794619142	-1.1345680344651603
3.964618523776851	0.561294862751894
0.6359138657066845	-0.7477959228408292
3.4562594434833893	-1.5397809621773844
0.6749139027699178	-0.5488291026708076
1.135937120378049	0.30492576309218883
2.196304612195169	-0.6004079613300772
3.7891312715240666	-0.6607912679146669
2.971024866637085	0.09604525196349416
5.63117556880482	-0.4967649594612111
5.724979768970739	0.3124130118376299
5.407111142664114	0.20773011619888462
1.262290275772643	-0.4886537712442713
2.7975407504692824	-0.9124461790366598
2.1647492206420225	-0.5590894103986624
4.014650647594824	-0.7535500288295167
3.7880293916193253	0.12807406110106492
1.5323303903121135	-1.8681801819002637
4.157602304892492	-0.38880502397887645
3.3263836567897034	-1.3402849446680138
2.7201610195471275	-0.4368702752013361
2.344361266418785	0.3776236675923728
2.6010568779585714	-0.5636777141614775
6.106909643533243	-0.14480319346089837
5.494493159223948	0.4317677609467639
0.831141829156298	0.4335348629572941
4.228928855661995	0.9567392555040644
4.15750484737244	1.2297922852113634
1.354360425174273	0.5535566248062139
2.370720201342966	0.20162003299442827
3.446840114529501	-1.3410624596081155
2.3476492186044418	0.022718341056659156
1.8137010713149042	0.5857179253736815
3.6555858448508065	-1.7745686195993344
4.809005374927573	-0.017430279404048857
3.283967767248507	-0.7801127047012921
1.0991294735605317	-0.6145703330202302
3.3482893574736092	-0.22206101550661153
4.690907602060187	-0.2980465234551002
2.084562017307793	-0.09023499644852669
2.3014661962834064	-0.382372758227858
3.7801620086655245	-1.1913533405061958
1.0547146691754978	-0.8221697966416681
3.510940913095165	0.3471587841554539
4.591359409121335	1.0790229041535377
0.7968797076734822	-0.22495906778863997
3.009684510697003	1.3914470303454265
2.312814065681973	-0.3183328843364272
0.6113574975984442	-1.967960549774411
3.9172474805514312	-0.5771077125225648
3.120300007401111	-0.4387080642781455
1.139458273328028	-0.7438517266948202
1.7170061517751136	-0.7527579309973005
0.6998987644399808	0.7931053493469309
6.223015956742373	0.5583631435491554
0.461357651152686	0.28672379644973084
1.8505715602958297	-0.8524226404303984
3.3292777706122507	-0.9899740707396959
2.9341518923583636	0.5445090417252926
2.035557672032441	-1.3733651386807373
2.459986222996985	-0.6281417039522348
5.574136903395884	-0.440828595217343
1.3733832225062832	0.10365174428365379
4.723469752798993	-0.886987206850148
4.289424331060202	0.13765083861285463
0.85309596393774	-0.7326129394679882
4.376119451421911	1.3655059504931264
3.003346454858268	0.24890775451927627
0.9240860338535413	-0.1483374033381135
5.107435752332845	-0.17689381320865172
4.540670653391442	-0.6923229401682949
3.1110030380798808	-0.5525802929466695
5.743639931807	0.9328479915713042
4.154488402132623	0.8858429998842066
5.849913457419278	0.9744102962230311
2.891567561378743	-1.0125223381938762
1.2947806907757826	0.6967627911689181
5.251810838043868	0.809574770218502
1.477050992036511	0.2258647066476684
2.35374530973793	1.4012014663254717
0.9218812432384373	-0.23407732891736244
6.004789813886431	0.1705896704395751
4.3629945077024175	-1.2500212224534495
4.8251049512369475	0.2854514789168956
1.8919075262529983	-0.3998317580102821
2.5175561420989583	-1.0424541316551388
5.8390370851581075	0.09706552132232109
1.044260197439085	-0.6501717854707596
3.8064672080155395	-1.6395552714102737
1.3644585633762567	0.8078018259562697
1.2495338825690565	-1.6386599638533508
3.815053158144202	-0.9166290351893108
2.1802497649412835	-0.28963838519744745
1.8545818428874732	-0.8232415710509875
1.3979478182557665	0.20202309615367636
1.1167319726116505	0.0676581175576582
1.9025486300778036	0.05595025432774556
2.9486516645997956	-0.7090554557837407
0.11784530563336229	-0.05616977551943486
6.137715963911246	1.0801129984647557
2.611633193089819	0.43115291689418156
5.833967464976547	-0.37978895425205295
4.3771116854499015	0.3466496701821792
6.037581603553401	0.8678562869134595
5.808872699524917	1.0808016885329264
2.931261928238385	-0.28054757508372746
3.215980178724553	0.4949952068526851
4.326688665318153	-0.6068526752698709
1.851835451316493	0.28025918007710593
5.568374941534652	0.755667394510857
0.48821354656582905	0.16586645036421752
0.21991348842397862	1.1433354765825314
4.667427525043059	0.9445772549388156
3.0800728926716943	-0.8787506286250283
0.5507233658085688	0.7237806760164167
1.58264994727216	-1.25732790819076
1.3931308279848373	1.2336237891588016
3.1339943051762655	-0.8414920733097591
5.502571926986723	-0.26215934001316915
4.0156188587197175	-1.1193817074312926
3.332878272181005	-0.25334400646113403
3.4117833730050267	-0.3748303276073756
5.132467685427836	0.5308075073037475
2.152181825265979	2.2765879948821546
0.9542396718612798	0.6632441242211436
0.13334678749326745	0.9253625807418322
5.674929210259899	0.22530108624314737
0.7359484737935622	0.7964383095863089
4.588054036254112	-1.0832939299791664
0.7474944687384131	1.0214359298163507
4.843037801391623	0.5367303005611926
5.754715019752515	0.22082454693697584
0.9703907877558136	-0.7752393201836622
2.7838762145287475	0.06421462963438575
6.251690163520836	-1.2620799089781298
5.296609112511396	0.15375135197814513
6.0729049355189435	0.6737447460531257
0.7162317012010639	-0.3336694419608637
1.4403878975241824	0.9165274424915447
2.409710541548882	-0.6110175707049496
2.2057875892873264	-0.286665940693577
2.990016499736811	-1.4104893861027703
0.598499284978038	0.1727863947048683
5.288030403380848	0.25785998199493176
0.010068728121348514	1.7660950436784324
4.78540209192788	-0.11507568016022565
1.7710359748944482	-0.12483371706562349
0.18663013474082746	-0.5962430881231551
4.584952061388332	0.1766346320738684
5.995184492334439	-0.4416950334024123
3.1117066862802982	-0.9363312636358645
6.1777632164279375	-0.6006410742516347
4.377695864444751	1.5321083486466867
4.211433528531948	-0.7286637661395651
3.9044743767851333	-0.7593809595200625
2.988780739408219	-1.5998090250662607
1.2322567040037988	-0.41475734680683185
0.5563940168586345	0.699308041715396
3.173706900285481	-0.5143305550329721
2.7788054675503346	-0.6824848868918147
1.5486393452564862	0.08888102295462424
4.831025030755534	-0.2297669669934968
5.591103048459425	0.5125309828840178
5.095535310387822	1.1341591343888549
3.014636171082815	0.5113627771366804
4.92459225201433	0.6373238986418058
2.092611925884304	-0.4921344521094221
4.416557085601017	-0.00794343756471629
0.1437660951906628	0.4266327748269447
1.9515715350444989	-0.9739890342080963
1.317567580108826	-0.7391777059220287
1.0003009532643032	-1.9179073015154282
3.68559062245047	-0.2729222314611138
1.2310740006258685	0.7286508686058326
0.08184370816099452	1.1882406419058107
1.0932784243353475	0.7171061585104663
0.26407245791590395	-0.21334322928966556
3.7108214137078144	-0.3906371352284848
3.2720696310677937	0.512668419229381
3.24410106592064	-0.21004474075605578
5.854280532219977	-0.04223400215655298
3.6496192145716506	-0.22158946132710047
0.6980367125136483	-1.5920438279804898
5.634028047395865	0.6684534195806068
1.0742464649466417	0.6123103444895421
4.9926760089137	0.06331771582983642
4.0893966755199305	-1.802391390233478
3.8725068103326605	0.26555645513880693
5.591525994327892	1.425388416909124
1.6588773521877336	-0.5591350605032332
5.7171152205308955	0.9905373290939509
1.1784082467778303	1.272489605923811
3.0649006391226994	-0.7590373548409046
3.7785520725177353	-0.020518936267467168
5.920727434595434	0.3233466606273749
4.7704673014065975	0.45130050181926473
1.4420909048157284	-0.9428077341855858
4.95233792436398	-0.40275283582626603
0.08267394937531147	-0.2571405336458964
0.06133555972709459	-0.12820566878086645
5.484139096036803	0.7131644038980117
1.1753367743967278	1.1823751990552775
5.100562800716452	-0.6915249016912374
3.3781323188503443	-0.9255697086741206
4.654015730947793	0.6983088664348295
5.743399924807584	0.22131993729399035
0.16586650476588183	0.527400102959339
1.524199720999139	-1.0393687537051008
0.6370787979280497	-0.11103771020462638
1.8611188758165884	-0.5709988370103655
2.3790873296469535	-0.4424843997655161
0.8864346944301713	-0.12722463996014546
5.471560745439519	0.25110109694956745
0.8631254761477578	0.6093157846602387
5.208505794553765	-0.8260656334231132
1.4049700824090507	-0.4141747947489111
2.817691427738663	-0.19085119451068422
3.924073936059303	-0.6793321599593697
5.236829103304709	-0.12554288156434718
5.312979998863007	0.9163068894533574
6.272529026088914	-1.1803562054541887
3.3328701205198583	-0.7777150614499717
2.646453510886136	-0.2176191957470791
6.093784558937554	0.7481309820647923
2.1158265309515016	-0.7344798360890695
5.7221038200081615	-0.328405078246618
3.022698561319282	-0.4984028936538033
1.4229500303224007	-1.5244161146044193
1.2689095189747723	-1.1722977907252998
0.04057314161526193	0.02070009112238444
0.5657374202903132	0.14984517725762658
5.321343832837177	0.7017424579797815
1.2996181010840129	-0.5660937042856234
1.5893635642767734	-1.6345713250978313
5.727210164389204	0.5416249808015513
5.204794214616223	0.00465330501965449
1.4976034055501408	-0.06128566661876595
1.2637384862172274	0.28557715487141744
0.7731288274432035	0.8834425188991732
5.973967526339119	0.10632966201735575
1.7265958509307457	-0.3846038569441004
5.790018454074015	0.4133207747398776
2.064495472059779	0.26988074064866363
2.492437946001326	-0.5013459685435853
5.3800527270031955	-0.1607196775663939
2.121817077773264	-0.0701149035571578
3.6888617684895295	-0.697060692179176
1.9235790896040417	0.4320303478994744
3.121981783076257	-0.9326471298025782
0.27517313982703506	-0.5721200033396767
4.85015967419294	1.4876145125765543
0.9441422909866919	1.2591755397172586
1.1290249981593323	0.36454975947642915
2.2947147413429603	-1.3549788724924676
3.748487723830851	0.6608897280982565
2.4875568452930583	-0.21621772730805677
1.5199342151742883	0.3176006502141748
4.397280502464307	-0.9121857136292437
3.135285930545659	0.2176761293845093
0.4869285892277837	0.3534781880990486
5.9519333188733565	0.31213493355070493
4.954644784495388	0.4907517672482398
5.780065177770012	-1.4233003347336097
4.46339810202417	-0.09506099642660004
1.1103894469307416	1.5201985773054802
4.330231175104113	0.33820219994833084
2.003572720615484	1.307475580662495
4.824240657349587	1.0809964282092277
0.376690972841188	-0.6650241432928446
4.108118422338071	-0.1685043796524077
5.701540198635052	0.5352683509818532
3.268714336954229	-0.2583162383280889
5.806171770089376	1.1773290607929505
1.1130180676711396	-0.4041932938327892
4.804655594246608	-1.1495779748703412
4.009883061965082	0.10388907974584714
3.2108069508796917	0.6629275801275807
2.431898289715724	-0.5218360722321477
0.32889922758189716	0.4890851615120285
2.9795816543633435	-0.256299507049807
0.6591322286974282	0.4480782513685965
5.576390407016946	0.932363169471425
3.6469895631474287	-0.5591456402011484
1.9963567095387393	0.1682900997239341
0.34411038043027403	0.4164155345636971
5.017915031004178	-0.5098028925095635
1.9801611199952154	-1.7024990488157294
5.275307082038446	0.9750506905110061
4.2965378241746635	-0.33622937296219746
0.227063320125791	0.22798540927077615
5.849280372149263	0.46965728726693207
3.2127739834498326	-1.478843293581751
5.496993268941096	-0.6693937261572809
3.1710806858691303	0.6063245902694647
1.8865385234945324	-0.5203571251293173
2.036772982127607	-0.13085868753068278
0.6682432186782767	-0.33226313060567675
3.8747027967798733	-1.0512958090045745
4.064107364771292	1.2355454233762
2.864968972707592	-0.2417118014770589
0.808430705154449	-1.1676613381798613
3.824905116627398	0.3247886148896538
3.4268681026759253	-0.7159130399450296
2.401739326588004	-0.059600774424622936
4.820943870588846	1.0274185197852792
0.05294461051198329	1.1505737033884191
2.9397288109189468	-0.7758100312468805
0.0174889193288843	-0.051332167175902665
2.4005674019694627	-0.04817261801388876
5.147521798696309	-1.6509378821407537
4.373476376223535	0.045672708102851116
0.849682180417668	0.6277019680925182
2.3731316720435736	0.3701651147294621
5.090366780980908	-0.7948345483497729
3.5088870986955776	0.6902207026969481
5.166870679463971	0.3259986531962097
4.546604904902915	0.5005805418358168
3.5046117337550635	-0.9942222440320178
2.9517311898146743	-0.7907338563848989
4.291708751609454	-1.5885923493627758
5.071903840788836	-0.6907218618232598
0.8343371982590808	0.6226469752442989
3.566293588860484	-1.1467497807279636
6.031206218637252	0.7885388339307094
0.688776654105018	0.21106184679230797
2.147020123150118	0.27597909289841543
6.233847456696152	0.1592817854060176
1.2886456466309963	-1.5394676879758364
3.8590378376827044	-1.3396147911364602
5.969367961560062	0.20463301509103946
4.647319434366101	0.18499711821278422
4.960173204199833	-0.4764040950080987
0.856080606613172	-0.7730388800105773
6.113436960696744	-0.19367516928511241
3.668909408448003	-2.5817773126859676
0.48180106113121596	1.1976083268678273
1.7915134365159728	-0.8292911864462681
5.159670552535844	0.5989581105934889
4.075546297030142	-1.1635206617232547
3.8963477640456574	0.22741344514107167
3.9358896857765284	-0.709449322711278
1.8631395868160645	-0.11380389842663054
5.519277318748025	0.6758246019674145
2.42072451722483	-0.49953391962958466
1.2163413602989421	0.12769664159548783
4.390034844812263	-0.7664004160609518
1.852789159013815	-1.123969358208994
2.758198720886459	-0.716926348962761
1.3199659130077788	-0.7223069809322894
2.8993793233657508	-0.9557016125905977
2.202449784033904	-0.49631950785325063
0.20353208310717985	-0.14315292195103357
0.1629533363932687	1.1461077776225956
2.558415875730866	0.4788367493839559
4.505761815418266	1.0331140342901637
4.98797757804374	0.9154384143112834
4.54171042295885	0.32468449695786517
3.0492568303564784	-0.787853142825816
1.9033817372993669	-0.5959664378021206
2.637638671068765	-0.37703669032295956
5.294797240379181	1.1048793645185009
0.21042479311065954	0.529778269098001
6.1725717848806365	0.5278216620336238
4.697872923578316	0.1228750168293054
3.678991428484134	0.8904218711974186
5.942398247478314	0.4575936541389474
1.077015633793157	1.7229558508261906
2.955976395736897	-0.5019098000436552
4.5906032306312365	-0.338254049403585
4.727747028882312	0.58938474778051
0.44155485451485	0.92654912192085
4.083085453292307	0.1545300364751225
2.560320300155187	-0.0687321831115919
2.3902200489492262	-0.7000855978251065
4.135852133883599	0.7429779669701894
5.972286721557413	1.057641433357153
0.5558664269744926	0.30973047181952984
3.730522444348823	-0.24454681096389289
0.5269795945619062	1.0681232259512226
1.419297254784479	-0.28291017822963
4.774638381231544	0.22377975766550717
0.17167773485687565	1.1417752987559013
4.935128508590593	0.6101386987470664
2.1636747252802726	-0.12400617986580148
0.6842565284007698	0.6803667175258412
4.518221385979623	0.2866006465515593
4.995242530059122	-0.05748172278935611
2.3233769823655663	-1.4476471628180507
1.750988191571409	0.6072037912381879
2.668392235186236	-0.3471286418989014
0.6243293900546236	0.6134229892147987
4.066811918195029	-0.5892580933084842
2.1765719370881538	-0.92167072137404
2.089229867551463	0.5492045292507524
0.0745840589265967	0.7522019505295394
5.001082347635648	0.9011133029533703
3.6284269842020738	-1.1665953216746296
5.678196182929576	-0.23797822103553826
5.472930084642688	-0.0952161854267698
2.4892477191664786	-1.7365952831211915
1.4091212420564718	-1.1988093483887063
0.11137149743604492	1.17238214212193
1.6197425584308363	-1.654418050723396
1.3902163274416912	-0.299890685881669
4.874004464768131	0.002544019236808666
5.226038044406781	-0.19535225760849886
5.648740663776763	0.44662270167360396
0.6594497931843627	-0.7176950008858269
4.052924663710045	-0.8135684814991889
3.2535169255113066	-1.0016817532433515
2.3106561782891113	-0.48646662286422837
2.9512782568169564	-1.6123510797366967
3.930456888798516	-0.12309775427042732
5.08074964462759	-0.5775883533888124
5.1651357057322285	-0.494991816421908
4.78279637883759	-0.5449550356914521
5.623325992147167	0.5123784860555003
5.916205004912821	0.8434049080820739
1.4126614237448518	0.9017640286915757
3.2762051886701125	-0.43797944176017145
2.4588298004651516	-1.1985349544759316
0.8782951135892745	-1.6579294946601904
0.04895539264969351	0.33774242968502544
2.865840815834824	-0.718522525472261
3.8652373583945305	0.04308134232016224
4.2490028257875885	-0.8635466581073037
0.424447877715159	0.1819550560180382
4.123477371837916	-0.4693605675678623
0.4479464220754199	0.5973181648045857
5.854594356256197	0.49660502319998046
0.6438775653174422	0.7971369618398583
0.7507839363893893	0.8428457746686187
2.933287679402444	-1.5630172848597506
3.567908412800331	-0.96670600268253
0.39315118344867006	0.32516202794128574
5.3292151339649205	-0.24459063389131783
5.567085330904251	0.5834098287700799
5.1886065502691165	1.1161201913294405
3.480376290294368	-0.7966608366339363
6.147037965339909	0.0214150848647801
3.2442959596513816	-0.1260552441301181
0.11552543089450348	-0.7896018345759312
5.233179096955237	-0.4067381020852611
5.141442401005678	0.21669095948243056
3.2594419722799923	-1.0597311293375444
2.594361225066139	0.3432638309148808
3.316871971991791	1.1602913807858932
5.023597913547336	0.6569353260208151
3.1284785712903496	-1.1505896203463137
3.9142462467637436	-0.04190629756800443
3.8395226911030385	-0.896535298500748
4.449177109616027	-1.0393927917836563
1.1566621525435021	0.4689281304696195
1.0523826131968816	-1.0743383651535447
0.9093962775916289	0.5235830056488281
5.860537374660329	-1.4416862766710676
3.5334044289321045	-1.2559155987148407
2.2261954418926546	-0.7435435638269976
0.8496460971790629	-0.15471061323107177
1.0264029951568283	0.3831017916965664
1.2804464392061927	-0.04239553498124059
4.01437982230878	-0.15205475051719708
4.505733454605353	0.10381675137062112
5.929237317009118	0.250029042123226
1.9588056111080796	-0.6684105649611204
0.5444948968167194	-0.36054005385062116
5.415906578319701	0.26945878141228485
4.747909140039818	-0.8184668655819073
4.19609040851441	-2.021083881488521
3.76098498264261	-1.0324735894466917
5.027714862923299	0.1799981100999348
4.042686754750942	-1.0711932710485035
0.7009811677807907	1.0971097781839478
5.470431937409134	-0.2588484268423188
1.689909329680054	-0.8332838028324123
4.983258461028289	-1.1881910598271417
6.23923544530457	1.689087838480531
3.130350735547953	-0.10529757149410657
1.2424776481499142	0.8058034648953568
5.527875970417455	1.6255567952525607
0.27531089934564434	0.7296920058721511
4.654739616293393	-0.7730376176069299
3.706916250869178	0.27749625866545097
0.6328371608524209	-0.24689704013459232
1.5470109899479088	-1.1211654522209935
4.913565190452669	-0.6061375499869145
4.7333153440174085	-0.3569057132220333
6.000484172746212	0.39735958534242144
3.4931826929741465	-0.5581922263573154
2.4279328842479853	-0.05574474516848123
0.20528117830777148	-0.1627480982656095
0.7135449025620026	-0.9521686438740677
0.4092146441061155	0.15322979557817898
2.1492538844379965	-0.53345076026814
4.366835708219508	0.1145799899030208
0.07209792923751213	1.0427344697114669
3.34508468807707	-0.773724581630596
0.4695042034733756	0.15701616634962232
2.108361366946772	-0.4202778633475236
4.576231085137775	-0.5634687435771425
3.6209955566464167	0.3028155176776366
5.098016542363622	-2.3163558205234707
4.833630647454841	0.4936451746249104
0.4531356728227696	0.46900205998529787
1.0711144690484986	-0.5348443005856667
3.0074285615820693	-0.7002757559942335
2.073735611984747	-0.6866842979698422
4.897638898887897	-0.9099138044993316
1.2336609542135673	-0.5200858848418259
4.051731686656703	-1.0077998096684415
2.146133609522761	1.1894183206300686
4.315390361942109	-0.3675594519637363
0.18827161867793318	1.0806179652958456
1.5097114138294199	0.8044641172140073
2.1331120449124956	-1.7969284891913617
0.3149258937096002	-0.9066875509140704
1.7477787801942544	0.16992119380892445
0.13934791150536086	1.2668484837176637
1.9042790084529102	-0.5590068993693025
3.0337690875426357	-0.5065630773126781
1.7479333702817952	-1.7504566408571687
0.3482463633415849	1.5994275028332268
2.727073995426416	-0.14330028680958223
0.06658542164862524	0.09722745408589135
3.9553911989407475	-0.20906100943018474
1.2183307672952868	-0.13080712273948353
3.2584485424917617	-0.27571409800709684
3.372438021443516	0.8151038963360028
4.320564790840424	-0.0768531268088421
1.5583760791743162	-0.39508560319993374
1.345780528238038	0.513757790921692
4.176495356775835	-1.1356144977336
1.101136191607269	1.1485752899954051
1.8659242951571358	-0.0964852409745289
0.8657584859984606	-1.4801375419419778
2.275437105124764	1.0141021723919763
2.1630925619977597	0.5189747189955033
1.9612567413511972	-0.282441191992977
5.904333275814299	1.0715569880221714
3.4445549127636417	-2.0404765865550982
3.7632662137969417	-0.40737283557543064
0.2581265069889209	-0.6528429217482459
0.8941010506956548	0.48959518243206224
3.082427491208148	-0.5145943930043925
5.504791690765933	1.05151301130139
5.648369704058128	0.10155201034567404
6.166150432008272	0.7288873349039712
0.20303184413163491	0.2218845190424196
0.2079176877102391	1.617137598086088
1.0102891192846641	0.6305894783264943
5.555389099377308	-0.7496306284892067
4.598765943425143	0.5973658937764394
2.6719970100048624	-0.9254273132085129
1.1314279145154753	0.6213912115882011
3.8665815898613687	1.5344218752348016
5.1259923338022055	0.3095426031707721
3.835419634362072	0.5927667619238545
1.3698350030629634	1.1532430674902368
1.0417277472356075	1.3579387601778903
2.7875621958899863	-0.29143352252489774
3.4841325719417746	-0.9729287733814468
4.901593589681767	-0.4729276261886406
2.7119970672821063	-0.5270189048352021
3.5453148319208143	-0.36810860648577626
4.457319447421424	0.6761002822096165
2.317294360949684	-0.7195646564318514
1.9511498796891509	0.5768414109056752
3.1169958074341384	-0.30790802400831485
0.5739418291400389	0.9685913418173706
3.500688975946453	-0.6807122890631827
4.771075642863151	-1.3004968268281718
5.935084940219756	0.673903682320195
3.59433409196434	-0.24345153136828562
6.006409243969948	0.5076484913371644
0.47699030024457567	0.5808913885395325
1.7374203152602288	-1.1570313502193788
4.038288112840467	-0.6728869018054626
4.740836178432502	0.5986701197286461
1.712571996205969	-0.034911787319668944
3.247133036178385	-0.48686230939114056
1.119215077314803	-1.4249479305929762
2.10672635004682	0.7137170701782619
0.22429254275449928	0.8436597088508478
0.8447007778945128	0.161066147319915
4.3297641967283536	-0.9302323674288461
1.6493543262803794	-1.5384160664551534
4.9644978621673	1.4366580536186153
5.068074045983206	0.573904079620189
1.9540217572700058	2.670920494030912
1.1885449035358566	-0.7931837820860396
1.804748794894636	0.07496375496491739
0.10990910060104042	1.1440393964036246
2.8962870619413295	-1.6198368599293589
1.6791236758152444	-0.1376863699227342
5.1905522387397545	-0.6079329445214481
0.21955018001037807	-0.07231641108037144
2.601013547029247	-0.9079587530780773
0.32171619990232436	0.5767806473018015
5.649166580722587	-0.0820967374403063
0.47702175892615717	0.7644046429240909
2.1663389543356537	-1.7080035860628604
0.9091233667694905	1.6959085463179435
1.6826493623627137	-0.6994796644841504
3.194119516529236	-1.4944186033231097
5.598824220169036	-0.020682062139188297
3.2625317015312327	0.5526894126298816
1.2866709534299896	-1.272563470783438
1.204700128644057	-0.4465576163627931
5.242136680463838	0.18966681099433974
0.5478968040052106	1.5564670134459118
5.723709221182362	1.663403352297422
2.4311518592101735	-1.2761591849930163
3.582394430562587	-2.142652674924789
6.0550285338317815	0.02462385381244223
1.500403435966521	1.7230920749701886
2.7397149907664833	0.5544872631808095
2.48620835311217	-0.9621820112009034
5.495434860236917	0.17470866722440792
5.178638378326738	-2.096268062288535
0.7876905810762841	1.517489562319711
2.065044613493905	-1.2849327120050287
0.511458932600462	0.850054396565608
5.779624183449659	0.520543786908297
5.8789281934138895	1.3743804092920096
1.6413177977922784	-1.729434016212385
3.739455676556293	0.26273158345174547
0.4142511396666184	-0.12646776413095434
1.0011672189815564	-0.6470542520266468
4.7062205306680305	-1.5998447342752335
6.020160440991585	1.07751883096844
5.0079173956177065	-0.5642091518588137
1.0602360392110501	-0.18292036492390334
3.1743422018611827	-1.6529892633909844
5.800104203625027	1.4247202963735435
2.191428922597389	0.6005842310603425
1.0067834799101412	-1.6279631520792297
1.986912758902528	1.5401425003211449
4.653414934804962	-1.0624303369769044
2.296624117197986	-0.4804291733431699
1.9600193931350165	-0.36313720761573975
3.815103624704115	0.7509567076493512
5.496093224232814	0.7833180573658675
6.209653418356841	0.7969098369446124
3.250123106916843	-0.5509050367380938
1.3950029513283049	0.10969828371148752
2.3096871163799744	0.5746951349541132
1.4365342941693946	-1.3890643757749734
5.4673151335951085	-0.0012652422937871333
1.0715867413681697	-1.2052518382570996
1.8964117441061816	-0.6434585351359433
5.636950696735918	0.0922950600893382
2.47133443902276	-0.05282768067138584
1.5810530952699073	0.14594301527323672
6.034452575443703	0.04706106413488017
5.293919113706597	0.6425820801905904
5.946730886629464	1.5181367870134375
4.704499219047103	-0.40233041471177045
2.144901123167262	0.009665711527059272
1.6679282328600937	2.005139353152585
4.752380674746933	0.5206876140531019
2.3098721045731003	-1.1473609421838775
2.1901963509180558	-1.4737792364515834
2.2933188309951564	-0.20708351892767937
6.071695409888535	1.0867957456787218
4.674795568385843	1.1415224112011213
5.565010073399401	-0.009679194204749317
0.05288054691439381	2.0039887359941453
4.958169713635646	-2.4720324770999116
3.576593457541147	-0.42310018081016204
5.185574990467856	-0.22324588408175966
4.343724671703942	-0.04006977309616739
1.5737317903976624	0.0421855965645316
6.121733512509616	0.30250716843283115
0.016526131978973346	0.11947299858494066
3.3178742839900845	-1.4351463996232596
0.43427682941940343	0.6417484659212107
6.21942755032616	1.5136270158343934
5.638335793561543	0.7598441862309044
1.926323266689094	-1.0442382483032462
1.7643069953176163	-0.46312781167338685
0.08610340180408649	1.7023388676446054
2.331346646748564	0.7966781206551377
0.3303481718698569	0.32465011186515813
2.828139618183723	1.516962663246164
5.125504039421757	-0.5015231136410357
3.456899917094571	0.8998699367111809
0.5558611592667271	0.617334453459261
0.8579629437745542	-0.7975430884959129
1.6860357172117482	0.012519726703777484
3.191567671729643	0.5491313421395325
0.4169003574395127	-1.3582138663276997
0.8825407098431866	1.2391822157530579
0.08789956055752776	-2.0590523241920407
5.8833753467386485	-1.5083174981045968
1.7258757833809206	1.420867943214315
3.8872471612468353	0.09413635865681351
4.414483098046105	-0.5191948901797645
1.5236411011595417	0.14651294429342704
5.419011580489925	0.7895810246309434
1.3519213189150703	0.7802838355251045
2.29532504530791	-1.9259107948504615
3.769882867763318	-0.35007103383278665
3.273427751061053	-0.7719935394219822
4.196688727962163	-0.10053705158562566
5.617730870700596	1.0604063282310079
4.201598944722733	0.8046268918347909
5.030541459668301	0.7242877231452558
5.603267310775035	0.28795811453909426
1.5812468528970207	0.5548799838604651
0.43140980295240894	-1.3889442918741286
5.271209045713063	1.060193396898324
1.382717507806431	1.8829600111965943
0.9686901391689983	1.2000062398791729
5.756100259303171	-0.4322554422452958
6.011732587542685	-0.6137992125578725
2.6538781472876365	-0.2989009510562627
4.486595731383812	-0.4210420179079865
3.4642124627478985	-1.0078301313866314
1.2985896565168744	-0.9516920718931576
3.864738003851076	-1.8920576118303427
4.964090277863457	-0.5824300469518144
4.987872024739348	-0.7544637027841825
2.329334142722284	-0.06675486395640473
0.44160720835532835	1.0941885157426305
1.375816764197242	-0.1693789081001093
1.080979625940607	0.1557391704263009
3.84662152576957	-1.303140389489112
4.636558300201625	1.6784926155703601
2.433171750212134	-1.2932044339816235
3.906360027919602	-0.967731512445194
4.6649777494398394	-1.287881617294601
3.514696722404928	0.846428793350522
0.298384764043373	0.1061304501756649
5.896011495775639	0.2255746196926937
5.4898553460440525	0.4542431343148479
1.3028162204792464	1.7156814221689929
3.051340614345675	-0.9238714373650408
4.560685834555681	-1.576236740284714
5.833422359862019	-1.1114477586783835
5.232549352037465	1.0387601667296436
3.9668691037163697	-0.443752728195925
2.6644108207717405	-0.7712838270599225
3.813041676316322	-1.5474225135926793
2.4270517724159006	1.1931930192665
1.1594275500526292	0.30839775601300695
3.8225045339447945	0.28526121692801254
2.140648417054912	-0.8990316000259788
5.229720831455671	0.14303536732937855
1.4996456801268758	-0.5343826737648798
5.090087941559173	0.27049925335927966
0.4701504202204081	-0.6212511682126469
4.725084695012686	0.39555012336353135
1.287668275807088	0.04417278535620257
3.126081460040218	-1.0920343854376373
3.9424885477286526	-0.6257224666100393
3.0861822783671125	-0.7642399841276494
0.3956922773027057	0.40568196996292333
2.4278651413184438	-1.7314756408226992
4.207932870124335	-0.2371994133766193
6.128393480297021	1.1891168680494173
1.3624969237651134	1.0058777685557072
2.8307386991726533	-1.016351719963999
0.2705404967647951	-0.37999953728379415
3.7192573962639948	-0.31814756697556185
4.386440046443411	0.76317373355032
1.244890187204909	0.2939833488301552
5.90092406073938	0.27004291595111213
4.824139705823429	0.24448773196655238
2.0696084513533695	0.5368980101915486
1.7083620959442625	1.0918105769999185
0.06015206174283616	-0.7122169385121444
1.8858506535422848	0.22665526846121473
4.754464102793712	0.363487835390566
5.672567159853013	0.4836112470785269
5.160142288250915	0.9986464867126958
2.0986602871125832	0.49365078075506824
4.049548836175555	-0.5114261992151601
5.149282146022765	1.0138111202594453
5.710774897339172	-1.6631646645255582
0.6473650240091926	-0.28809916232256433
4.971356650939116	-1.3502540690662033
1.5440165588970218	-0.4031676998276713
4.601172647664303	0.339687814403301
0.6667029846634556	-0.931963443684277
5.502116950561984	1.7916997163292072
3.077337201556826	-1.2979501994771945
3.940439656600015	-0.5947613772183643
1.3790438482389185	0.15602747821256804
5.571311167514139	-1.09540429545536
5.003386693130929	0.4070860972756681
0.1606638052396897	0.4723079952064788
0.9042885852043225	0.5661741451947978
5.182707375750619	0.24504938289940575
4.950020406767131	-0.21782240681039503
4.1806431392061345	1.0672383055964039
1.8143056849269095	0.744147750513958
2.133157430429259	-0.42352759581237087
4.098717939346852	-1.584954568710152
6.094407024319725	0.6254986823693026
3.629266551924294	1.3568403189199487
1.2855183783777049	-0.02643934841288477
4.889060158850402	-0.4780078738419285
5.906033548157893	0.9147496843390309
6.207464815668644	0.12724279381026973
3.76607799177904	0.4412767008296354
4.212330181883694	1.631418140464397
4.934618027327077	-0.5824050293188765
2.075261425732457	0.6639718738548802
2.0163955113897005	0.6943010950361563
0.29444885758389727	-0.9635563926002547
0.6804476110974962	-1.1980462544101416
1.0967451527621903	-0.9871457949869563
0.7743990931985891	1.1116088656712848
2.529313982876294	0.20159153110097208
2.1257757130099795	-0.7796152232458178
5.770997650842373	-1.3554493671743444
0.2190625400992383	1.759966302069029
3.660818420332429	-0.8812743156655282
1.2376548014745827	-0.5605707761461386
5.535337377093752	0.3429875214134933
2.190496331274538	-0.8499621919639252
3.6147503372203955	-0.7847403060540512
0.06668212067862278	0.22974434837863342
5.946875565503881	0.7305978845957571
3.9516031431984886	0.4863492938493341
1.3660717468268189	-0.2553829094469103
5.500278894257834	-0.49963149833202697
0.28334135629908896	2.0495683923265693
0.874245911722138	0.792379655114968
4.161208583978752	-0.7223266918316416
1.8233476815333347	1.1804814663388863
5.172711633205475	0.057948926470857684
0.4998926412818081	0.6533706764102272
4.938187544011853	-0.724880777189585
4.43383912244847	-0.850896883704024
3.830408706329502	-0.9336169403039404
3.419807568851315	-0.8731432801174036
3.823944077661277	-1.0048617869055891
0.15526725920615636	0.29873603849048225
4.729433504318047	-0.7704296246775876
3.7471706273801724	-0.07044185405620938
1.944247864904515	-0.28002281851589716
4.541026378260951	1.0034405826061983
4.826664232265175	-0.8125288420909216
5.000247257148455	-0.07008985348269285
6.192232420157582	0.5471778348947092
4.415597114538583	0.38708810177808123
1.7769973591399122	-1.0551274155869803
4.676121385823745	0.6890339428953918
2.4641051777009384	-1.4779501558058257
4.90372434123892	-1.2569643745450936
2.741355630393432	-0.2968484306835346
4.147456953309877	-0.2695332126664958
0.6628941389158101	0.6431331078794862
0.7851917518926035	-0.5209318059636834
0.3145597043529307	0.4902241871702861
2.113269277652305	-1.2906156150561514
3.8227726960334323	-0.7240359707893205
3.018774946527856	-0.4395493509948642
1.1947594477258408	1.455479350265514
0.6299598658903791	1.593181830427411
0.3782473643474731	0.4089825237286133
0.5867508050829793	0.8503204646519507
0.6603816287739054	0.9797157706373372
5.5789671672889245	0.48656338100351676
5.442094173912302	0.7703460108106749
3.7915099993938783	-0.7221351688316351
1.1389808219107496	-1.6735919117936138
3.4844497637319805	0.16905913358609265
4.1648762794237815	-0.9179177306218923
3.928524021689036	-1.966244955299037
4.17505584973161	-1.7570863815188036
3.142916256383638	-0.5493030344696349
1.1829005129821724	-0.8361128504007991
4.058646433041952	0.43348174384558397
3.881238387921112	-0.9482601525281076
0.9657339650904181	-1.1561515117307803
0.9231142868646113	1.375434483240591
1.1537864849392658	0.06345905007021219
4.23273937842551	-1.142141887508883
0.03184114718444896	0.6542563179069405
3.209714357530146	-0.449546155391978
1.9836121401928164	1.73538995799649
6.0135327953660545	0.5849826634272407
4.069294162877376	-0.8979945002051873
0.10023918208711624	-0.980292185334392
1.5103107371263929	0.49677138980035157
0.5602190797195741	0.7588708029899167
4.5655477158470585	-0.31592684975683455
2.9727774778908285	0.4621345634937199
4.0681353927132555	-1.2994860262658348
3.491577403392196	0.5801250608145585
2.100267894431144	1.0610278485069482
0.7428759730360993	0.3734304893477615
3.756490888331647	-1.111025063710037
0.6216968273851222	1.0660262475947777
0.6920062913864786	-0.0034914021679770257
2.555147236681117	0.00911020812378901
1.2972403987881647	0.4030689184330003
0.896958412027212	-0.07069694777801926
2.5841313992933492	-1.1673888894866282
3.8283459064097745	-0.5059024866023518
0.23161224960890614	-0.3721877911938262
2.564709762738671	-1.1768624502819927
2.505933721636371	0.42048218955612326
2.5175300870847632	-0.12464565201388877
2.063119107291219	-1.368503295939961
3.963771824167297	2.8149804551413
0.010619304603471491	1.0984569311138592
6.095616710729129	-0.5127726322964297
1.2057364299793782	-0.12247613805810535
3.3364062126835323	0.268471213550415
1.3343315331949732	0.946735225227985
0.8068410899234069	-1.1028818310694135
5.600326269368068	-0.3236628811741173
4.928231245004055	0.9557748779676987
5.891708203472598	-0.11285793385472677
4.829821010546509	0.8469373438433099
1.0861219118720227	-0.6310114296577489
0.5260082057225726	-0.9750248362550908
3.274241016130709	-0.11473818563934299
0.08521824587878601	-0.41058828216922777
4.915913265094474	-0.08689602144435503
0.8900053266169352	1.7056330215817466
5.22578661880123	1.9459434183906845
1.296875652603798	-1.0776430976333873
2.7961714367004724	-0.8956204500675108
5.8139709092790905	0.6696153068059685
3.391780684470504	-1.3508578806216982
3.16531805323572	0.01080465716355039
5.777558514324937	0.6183423367191798
1.7715065646719577	-0.10490303232113418
1.467386055329544	0.5317062099979805
0.2948615968446371	0.5167365220384801
0.6348191669308303	0.1712767565338137
4.311669580027495	-1.5293369994165533
4.419977965407105	-0.6699904583164634
0.3666096255652045	-0.3580859161501831
5.024175265812299	0.026208244730746424
2.7990600653664517	-0.7595192820819257
3.7251554587403852	-1.855704988778366
3.717777651545635	-0.06483924231076413
5.778651617607955	1.000973199184258
1.8400893465838468	0.9423238586166436
3.9252954041998347	-0.18777865967710702
1.5667756478758053	0.7059909011907327
1.4811919933651048	-1.2313896822154127
2.415800966787641	-1.3712513777360598
2.4021268325174256	-1.3689371963265462
4.894271215681039	-0.11857100154593751
1.3125487433158067	0.7912530058670021
5.621857179663744	1.7968251378315172
4.691077898084096	0.8698619316587948
4.5043098362019744	1.2866988725157584
3.3591200812284336	-0.06274204312886882
3.175329560627553	0.5372023157526422
2.7532611850935087	-1.3249682914930843
1.977726307565195	0.7511169063152834
2.8630971676018593	-0.42888455701461137
5.252934487429063	1.5404603040138825
3.4147981408318766	-0.49483794781696594
3.2332159019526685	-0.46974382946933213
0.4001918042107068	1.009145051470346
1.4239170419753515	-0.5475572585970485
0.4456950703320022	-0.031284017134997726
2.7549126512732407	0.008996724506614652
1.3338128059507222	1.4051546034540616
1.993748404447467	0.15023242417770558
4.803597357591279	-0.7668956436155085
2.2580274545323697	-1.157192146042158
1.2416877464523801	-0.4868107238803628
5.320233315758594	0.7404862746269149
1.680673787732763	-0.2024202854211769
2.025294882992247	-1.745881923377994
1.775432403961064	0.5084907308467432
3.3482930449574075	-1.0677199946506375
4.87754313393722	0.20573861900629306
2.201867646212495	-0.4240793524380874
6.194678734619486	1.3836435251032944
2.992573510580238	0.07176495728414242
5.611354467625407	0.16561740347109566
0.4167545760545668	-0.4800080392246574
4.6528492077962165	-0.9189312675174859
3.2510175021186978	-0.8026789887514846
0.6907121945347443	0.6377150605689603
2.2319101804469477	-0.01102934802655394
4.517642689910182	0.7429800767247546
2.214451884309634	-1.0225659142696377
4.91810010437835	-0.14089164474765084
1.8197036555352333	0.8909890635795564
3.920199032330458	-1.6098525692669297
2.005927184108778	0.2299814696029799
6.160836882135096	-0.07050230910905383
1.6267136238608693	-1.2054505930740904
5.901556806761777	0.2443712325444823
0.8039880932349917	-0.6168879954459701
6.135468197820476	-0.4956028512126248
2.4756435231112377	-0.06830485911624708
0.7411200748667497	0.7192334210465149
3.5460816482801456	0.9820769953544131
5.8998902860320275	0.6871222761619272
1.3505643767317919	0.7944429690016941
2.1230247352105263	-1.1904228514565531
6.087131122054914	0.036818388703047294
6.252122970709639	0.08041299271663654
1.2209940192487814	0.7660178751770557
1.6137123754479372	0.3027100286998269
4.695129111974683	-1.2184226529961686
1.4087938895539658	0.47645046639136684
0.4952576165317879	-0.05554546170231562
4.3364575298148775	-0.6142652327306722
4.514638634815322	-0.985776339382317
3.2230629935762742	-0.1568408867580682
2.2919225478244094	-0.30449545502287345
4.797560395767379	0.099977399788386
4.539866100900536	-1.3068877782052208
5.490607102127898	1.4523315855775394
1.4397710965754618	-0.6115715835567185
3.842392362616563	-1.4349070454126027
3.2000094510590658	-0.8873163158237527
3.008180623663284	-0.7522084954632751
0.6335415354530758	-0.06972256847833368
1.036549016959815	-0.05426951985453205
3.1423246532940485	0.7200131626168887
0.7987136492822229	1.0823091209462785
4.124656639130045	0.9029687138634961
3.3604558529366337	0.04312720063813915
4.250989484206899	-0.8392559293594223
4.589762206906444	0.7075373106460588
4.223716545099194	1.441202580001483
2.6322379680946266	-0.5880375880374914
2.3856512027531243	-0.07553518136931135
3.721722956992785	-0.26756409328004394
3.077613067483256	0.915444582748093
3.7064048010535444	-1.4570942317316826
6.178939122319777	0.8708575815076247
3.688189853069453	0.19028556792079443
1.2043627653602655	-0.818840881446073
4.164889559847444	-0.9329665975784249
0.8018955764401676	1.100243158898239
2.881173652830393	-1.4879294496463373
0.21331775524033603	1.5875812075147675
0.44327410862961436	0.20673101310588715
0.6578391706006451	1.3011327775392902
0.4454146488475155	0.7469496634397458
3.877706407764534	1.6023254142603076
6.018075942439669	0.4701416538689914
3.4339006647927404	-1.5262076270885856
0.8864131411041329	1.118248094349787
1.0006166600212225	0.12932400897184754
3.7803179747948428	-0.754051512849584
0.14071879581044477	1.1439086467472843
2.4984425714256773	0.2864772385056514
1.3567177154033718	0.7910404603309718
5.498896936360284	-1.4000313716295902
1.2753323502785259	0.3062543019875867
1.5252949934151312	1.1188860515703953
4.40126341519823	0.8059264320067673
4.253521797063488	-0.20234939860036275
2.760650827222687	0.5783129738764389
5.72903540767503	0.5715079728223252
2.4820061308636743	-0.3551551767891369
0.4265441874835203	0.2576266688247319
3.5231916497660833	-0.9246418982858793
0.5383006463831626	0.586886625168288
2.666175586472093	-0.061522059725591875
0.4024746602245095	0.6360856240908729
0.2452363155131751	0.47953106060559486
6.1754858514179185	0.005727868278631183
3.4728122105292023	0.23882926667402357
0.702205138679236	1.123053779873431
5.529789997693701	0.24812617927710504
4.697934666748314	-0.8991263019416321
0.4725748695803116	1.0954345019284406
1.9140526504046367	-2.4060403878503647
2.1497384532579673	1.8454306057901633
1.459462339029611	0.48434916768428427
2.7088788654120113	-0.7455576094056531
4.117372020683463	-0.9676655883260331
1.6383568615715696	0.4869957364046186
5.62139197468277	0.8267062551731404
2.288207002662865	-0.8102966900758838
0.11673169469895207	0.8749551836921662
0.630738429440135	1.1776137773327815
2.882880544752998	0.0988327073748917
5.210691092598088	0.7189435156473754
3.565839779228712	-0.4969839815130747
5.973565694526114	0.873055075437743
3.4884080854637647	-1.7321838940571603
1.8614554934768517	0.4963605038162733
4.257148860411505	-0.3330325845934837
4.3211887873336945	-1.1498036214799994
2.796399158361961	-0.5021413898462095
5.67974162828899	0.3476777778152646
2.7668443438387778	0.21704599177490366
1.0770592510535568	0.8258240554796868
2.2398781771682117	-0.5481509244486765
2.6590487165449908	-0.6268014387106434
1.4886040148424629	-1.2452835813514616
2.585691848428972	-1.0277222719844992
5.297935972626094	0.5655105289803914
4.496021369201622	-0.36553785958339685
2.933922024154933	0.45530479925306105
3.1693504849860634	-0.6367090957906321
3.0023822995493727	0.08682136554571264
6.2003675924671615	0.4247675007445264
4.27155957484946	-0.33866503663201647
5.96015316086717	-0.42559455283713027
0.2587734425641681	-0.332421852110661
1.1881128869832271	-0.5561584906656645
5.43767614423643	0.50240011304227
5.503246934824244	-1.2862714170880143
0.5841819148546709	0.6163381724606606
1.727029080413381	-0.07258334772741146
4.331190096189545	-0.2454923314077655
1.5473063745412006	0.06592027819603573
1.782391434866621	-0.33215040768879067
5.80701687369826	1.5247211057723367
0.7713245167362253	1.036056425126721
2.0044743113096164	-0.015919687408074666
2.500970763417408	-1.599176973260993
4.438045220464831	0.08621061837013645
0.7111915996496521	0.5403342179984277
3.0196440552342465	-0.9270170364525033
3.7933105974234724	-0.7625227860717207
1.822242152972743	-0.04394614712840214
1.6306643605312878	0.40189845520444983
3.3556618879862903	-1.035458389281835
2.877794725151685	0.6578689012388835
3.1721197077161043	-0.9231489808773194
4.150838596936333	-0.48951930593894016
4.2118178026882145	-0.16188798920550856
0.1165535227328025	-0.27765829075033194
1.8097489915592782	0.8695263192429288
0.9616279829112342	0.7852433745317813
3.674347376777096	0.25328359270772566
2.202572316204534	1.1005919134100226
2.900804585417717	-1.0016637778009478
3.07178939443681	-0.08975209758987317
1.5172945681857075	-0.8104324031413295
3.640140646132328	1.3113671677028675
5.377325149362921	0.037554519648190975
0.2391586478987584	0.7450020050332927
0.020800215456564963	-1.0993152834521052
4.82547494254417	0.6121986684905659
1.6253442922091939	-0.02684525589762809
2.1614932148459145	0.5830185821962632
0.0648521503661031	1.00857284300568
3.6211347458775185	0.9772212154294639
2.091603629768626	-1.492771443550643
5.625781768087877	0.906781840580879
3.1886509653683337	-0.9879559162061974
0.4272933878083496	-0.1304684996992316
1.0975540817073703	1.0234343220289164
4.659851222113139	-0.34612970800822146
6.243101881362509	-1.2672025787613688
5.777788184828301	0.5631354151017883
3.9604797348194207	-0.30615977603500466
4.737710320247284	1.2673934382282557
4.2218886928174015	0.6696766617756617
3.144284450073475	0.0977469328358576
4.772091363081624	0.7618993071755109
1.9907136895611102	-0.3524407475630393
0.5642153698397703	-0.42131933460218146
1.693188118962631	-0.21766946306236626
5.5695353497909945	-0.7766378060533438
1.3736109622750134	-0.4369272837615596
6.106548973409197	0.10799389347350133
4.557557842331987	0.18266755077930522
4.074745656468568	-0.18085989437650324
1.8617977842474112	-1.0771780922898562
1.9602001564627782	1.3656899413742143
1.160133450927419	1.5325021657425144
5.883459951210497	1.2675074173694527
4.536154609927689	0.2912845950431234
4.722410365850646	-2.0101921560147247
4.822572435507062	-0.1793192266660104
3.2771906388691754	-0.5667970463510662
0.44644376774788314	-0.07924588433241583
2.0701156075293783	-0.09591310502266454
0.24153620316067048	-0.4635723377173817
1.3784031483747796	1.377314958250318
4.6645191354527284	0.20003507467105164
1.7469624755010211	-0.8053903901636605
2.7038382543929327	1.3719926508090723
5.6941381539128795	0.5711257994004767
0.07444231081020229	0.22853741946564515
2.9761650020835853	-1.5874190960077073
4.411289721073928	-0.5763211699842671
5.8268482422986665	0.5398222437677314
5.641558169546068	0.6513105264735563
1.501939798889701	-1.7299308090584424
1.3745407136835137	0.6329625856190824
0.593729820516481	-0.026863197194031976
5.68495742724624	0.6116733543069051
0.8087697305564188	0.9884365369759478
4.707977216088464	-1.1099522892834648
4.243785445261894	-0.12539587254812312
5.646938656215628	0.23505024298475385
3.62216902567055	-0.30425334009472393
0.17349562500204652	0.3374345783513204
2.195484389395717	1.4313083527586323
5.018961659401237	0.45515557088271413
0.35362827169309746	1.3862788387343863
5.5627845585157285	0.19702377138037394
3.7599900619912745	-0.3959930714430119
0.6937790209593215	0.2807800460536602
0.30264910591226624	0.9880863819133493
5.127252946045068	0.6098525724270796
0.9911162720624578	0.4733634534254175
1.6128450795250497	-0.6910308594618975
2.680086768615185	0.2314086624767132
1.0861017782279072	-0.1263762976142862
4.729049183058519	0.17566451710109282
1.3580767697517488	0.8023659512618299
2.631816306093726	0.4318354739363245
3.2222845584477735	-1.1403454442289667
5.364886119985048	0.2844216206436786
3.432391855554383	-0.5293308278365488
3.5101887206892335	0.3170557570047237
4.961087428350943	1.1170822556030249
3.619501818550569	-0.9097355838578536
0.4634261400726256	0.11333752601769251
1.887377006703911	-1.3834907630093838
2.4397487047846838	1.7347497507270964
5.781287061896155	0.2740571369670449
5.885140827792561	-1.4582131193784225
4.857776890571225	-1.382860512365101
0.676317317422618	-0.6188996090574074
5.06815074174574	0.2507370302346446
5.182873789619585	1.2733899419669488
5.0771506624738105	0.8307982787027376
0.03612910090209809	0.9639259152922358
1.0756457081591648	0.24786579136715908
2.0906276513117596	0.22328514114644005
4.177170512136579	-1.2450407867969768
4.600287473907904	0.60593087456058
1.0446897836735882	0.7427701373303147
4.829615959401856	0.9438272164533577
1.425734619129135	-0.38849982628574475
1.7605360150329306	0.6082418755393973
0.21107134934432104	0.8749173750205913
2.4092102437416933	-0.8011885665451673
0.11000147896431756	0.7297444992755002
4.526859714078254	0.7870993427765592
4.928786812368218	0.7042534564903133
2.0425846653561432	0.8384315724244444
3.7991572075919713	-0.5098623839741003
0.21660876433177645	0.7188898123973071
3.721060631784952	-0.15130709344037216
5.631848830841788	0.55767997001008
1.261147443200227	-0.7146310742695846
0.19731840744898044	0.5925550763374225
2.9251231419245336	-0.5098623907817599
5.8993754761202055	0.832058814648479
4.891225394362442	-0.21944660580354555
0.06122811328328659	0.5684646370155599
3.9924741711872374	-0.36735066853488224
5.841996769706233	0.059554230735718396
0.13478884353516474	-0.5011786290873058
1.5973271304074588	-1.0245204811464963
1.0997683045328444	-1.18211638246005
0.3594884278857027	-0.48610880467512757
5.601474972381241	1.2292484871175695
2.5206420513638363	-0.23401156230298428
2.437886401404903	-0.2569167229249914
4.818226830834196	0.04344997305218107
2.459073969227467	-1.355450783227531
1.1143389707468785	-0.8735291374315088
5.078801759704897	-0.4962264139519981
3.327887166372429	-0.3567578991354626
2.2343986229291657	-1.9362299750191174
5.578455827637683	-1.3139966978208897
2.3943490950612	-0.8644654407097366
1.7621616412233512	-0.46439808164683427
2.773405358489255	-0.9488491697555335
3.7761307167883436	-0.9895303966329609
1.0172293442022116	-0.23970272036447296
2.121702224880438	-0.6390674702811616
4.267478135678468	-0.604428683151661
0.126509152990268	0.33032651159408655
4.415312693081794	-0.12876026155689588
5.633360975678668	-0.5570726175288037
3.252688203213723	-1.2183009161416085
3.48470993685628	-0.9669765433296849
5.4535530807353485	1.32677104835088
5.903130046831997	1.19608520885756
6.014789145413598	0.7896240713716143
5.923431856646778	1.206905424476809
5.214701025962256	0.18685311223255313
4.7704865660825435	-0.0939106992878426
0.6528324679668724	0.9188344569467325
3.866932977996097	-0.34678081539200184
0.6094933858693503	0.359133609278472
4.313325496787665	-1.1647618661732755
2.2188454261620194	-0.13100862010751196
4.79515728350924	-1.0743356610558183
3.342072514241396	-0.3250700913644178
5.533370647545564	0.6016050623709317
1.0675020838813918	-0.1554595242934065
0.3740820557131581	0.44400916509334837
5.988523585867222	1.0261935672218436
1.8442957688515147	1.1613059032090884
0.0019223553135807592	0.6888694932374099
4.39309992326157	-1.0138407837357586
4.107314730223356	-0.8585634946440398
0.5924422887954828	0.10851185661466224
0.7240357633849239	-1.2280672417819687
4.663155249827555	0.23765196950293194
4.359062708561069	0.1155379793749746
5.333873460086995	0.8996531219880618
2.2363363644518817	-0.0015874657572560358
5.569679654859587	0.017945153225999124
0.798049239828729	-1.0972408250928773
6.221178498034579	1.0058178209711797
2.5272843038262294	-1.0908470469802931
2.017853301497472	-0.3111583750348011
4.44154923823871	0.8230684174050324
5.982103687007838	-0.7285802480560335
1.8041754388350195	-1.2441570240283453
2.414793148875123	-0.401654819542351
1.819800056532337	0.1707632934295983
0.6197377406198961	0.2970226983607652
4.586647202837294	-0.6030234687787814
3.2995071123875004	0.4492084881391832
0.9810006876614219	0.31311251537857926
5.578665050755246	0.0054386578762230025
5.126533777036599	-0.2982303141060993
2.865647134960503	-1.4885255446518015
1.4779594994384038	0.11954287120121232
5.67139063732745	1.2885489419691025
1.700826094211446	0.8326239315821063
3.342877122723388	-1.4755974795318993
3.107329139694244	0.09242204095025654
4.092809120650339	0.13275197941301156
2.3117357270668735	1.3054819079767717
5.304360401782043	-0.5848960654005408
4.201614972236694	0.648328771529205
2.434221831432943	1.0236641817232117
4.651805196920192	0.9583212532836924
2.5044211865346426	-0.9442119142659376
6.12264236962225	-1.5535874540600163
3.2921003317894213	-0.11583219985204589
2.2739092230207003	-0.4254031083534428
5.526152210799363	0.3318019999732663
2.1806606532637876	-0.12082074527465406
4.755019030696738	0.667439819131827
1.0797004102198144	0.37964988615601797
6.160698106701945	1.8482497890164442
5.263782078149152	0.7457108139330852
3.61736727834346	-0.2319037254535465
1.7919858750735518	-0.031799787438758026
3.6189392866693133	1.103270134587227
1.8824731758385784	-0.496296674298091
4.133061416657663	-1.6415544616879263
0.5837773306151535	1.0583732192641089
5.330820786166662	0.13514085803489484
1.6427475727743241	0.8293919140602939
5.738279980019054	-0.4583556232713517
3.4241753919489986	-0.3979309742424662
5.996280163517383	2.0813765300813385
5.089411104964467	0.030732693506173563
4.518154097678391	-1.0758264987747255
3.6111529398161366	0.41019235349099625
2.6264562737814314	0.17685624630181165
4.133019544930244	-0.3013931864928
4.840975914585269	1.1563717437376406
5.165526276876177	0.663306218612119
2.708030417772025	-1.29779212783611
2.407190781213103	-1.2182676686663143
4.584458808581413	1.2128796019673438
3.3901803286083663	0.6258180835565894
4.262922776109962	-1.0812016389388102
6.024993913832718	-0.701840962080773
3.659697108038605	-0.03794252740584878
5.886562359496144	0.7107866028920256
0.7975321186109975	-1.0967757627541348
1.097130054339166	-1.5246504935904108
2.7314270245046703	-0.7739918434215151
3.1705861016829235	0.05688041279788904
2.935770435872469	-0.24709051885316158
5.150214547563929	-0.14186185212151103
0.427431296205409	0.2763652112283056
2.6995728788496227	0.0337948880119579
2.138355075678076	-1.2949667402837837
1.8214684504882828	1.8674748804786412
4.283237650398874	-0.612944447223263
0.5924118367936666	1.2245946307742996
6.257968617836682	0.6091413615154424
1.8680422441532087	-0.3230315660657871
5.647966458168531	0.6520735530826404
4.647096091893269	1.5728071014133698
3.739904304524469	-1.0860943890296235
3.7423092680373173	-0.5386572815154925
3.46151806767352	-1.3638098452169187
0.3122847443572132	0.11635149051384135
4.6950782821430055	-1.090298037762125
5.400292594829549	-1.6313263140990022
4.1804202899820755	0.2381190320517083
3.550108585943338	-1.2814599741349835
2.854494667795324	-1.2968273525615295
1.654446571688493	-0.2851988634314813
3.330591030421996	1.1731173656834974
5.6357868591513505	0.4970904121091798
2.9298780292336475	-0.11664006173322003
1.1987755508598084	0.06714830640226142
3.9419050364247177	0.4952297922189925
3.737310194419324	-1.3771098696309123
4.192099510200079	-0.8238841464000224
3.9130952267871617	-0.9476501407516171
0.16660327566184563	0.1616266909787563
1.5483414311578105	-0.06164826483567124
5.351884626943708	0.9882264083048746
3.1814146821176026	0.008504173016584165
4.795594791481937	0.6021123435004747
5.824378859122312	0.2349490812596975
5.189882938311864	-0.09389909238422077
3.6714756891727234	-0.8496572352922294
0.6441117250905851	-0.5244614085274224
4.206389190333581	-0.11974110158248086
3.4704973403907533	-1.5850174431745108
4.064754938562034	-0.11884524516758957
3.9878398753163893	-0.04118139511637626
2.570552732609931	-1.0155284765001247
5.646427801030186	0.9929124178788719
1.0173761481877843	1.3336823663275197
1.9540938054980916	1.0242673798395379
5.458324180530433	-0.23840760182472304
1.7408477900215278	-0.1168467946375944
4.87481949966624	-1.3854482263885186
0.01493096670753502	0.1430204432383123
5.327977932631525	-1.4769633919355107
2.441420292722781	-1.3188102959831964
5.340937078184868	1.065614616602385
3.278689307011344	-0.8580645160098607
3.415720919392081	0.1890536743169689
2.716851635658168	-0.6212827978909159
1.414271854758866	-0.48580176042097534
4.279208015193936	0.08961362528131209
1.9733752364047223	0.017324912996264496
3.7527704749213786	0.4071602326156113
3.6483165726725635	-0.6176304555792695
1.0509357624757136	-0.683786008700222
2.1579519706528085	1.2018536830446345
4.695298996465542	0.03482856739712209
0.8942575337802232	0.7447602295490665
0.21876325748899156	-1.074172618487861
4.101631339716812	-0.834152039090902
5.110921341392199	0.5547008760248981
5.867531622875363	1.2642190556778155
0.33068625900345605	0.561385332551043
4.288177788342413	-0.6316885147510278