0.7317626988874686	-0.5518422617715625
4.502563076668196	-1.01977985559585
1.058118264560699	0.42151560500322205
3.1109934117896962	0.8762817412418491
2.8774439617327783	0.5630388856232066
2.3005515217446852	1.0419060195746201
1.3801606571024045	0.7852724723652451
3.4473051949596556	-1.379543237356513
3.667860567900549	-0.8311055086102337
0.536920293756582	-0.561090314659803
4.184076707966449	-0.8429458274436857
2.130475286403005	0.09005688301953728
2.1542121998800425	1.1120370969072602
5.186309203848584	1.2704450970911363
3.2470427204601773	1.8757723699432254
0.37468368610724756	0.8524609962522139
4.222296300640938	1.0641854084853535
6.001702227651924	-1.542014777112689
0.5434222289901927	1.2008044282029742
0.7997410868801502	-0.20532041509517776
3.3504518795351306	0.8788739910891757
2.1815741919897125	-1.6547429904399416
1.4091149037935482	-0.42944564758360093
3.409854391131221	-1.1056046297309963
2.4477257067442313	0.7831706408687871
3.400188720345149	-0.6248458494140482
2.545173095099278	0.2424396201926262
5.7570836239433945	-1.1418261760918575
5.700072712427129	-1.1970342663928504
0.30190114252769806	-0.9315730377953813
2.1232866702364994	-1.1355907420744926
0.18035333865940473	2.185722379662542
4.6658755818358895	-1.577535721230057
1.591256403365847	0.7464586538676777
2.2343316747589785	0.3782879485977802
5.416444000198499	-0.040186569508499276
2.199844313074003	-0.42531203887119984
3.362001678235602	0.9197896361300057
0.7285369459217188	0.15395254243269738
5.317550835500601	0.874810453374324
2.2208654599532682	-1.093273895023273
4.32687606730819	0.41002559967450525
3.0406481959670195	1.1475580524788924
2.471018008157378	0.5823757294467857
1.1557066803855847	-0.1741432549147442
0.46523438942883555	-1.2175621555767686
3.398600064457373	0.7353189459458113
0.05961335317469452	0.6017125670788707
5.665420616919302	-0.7438094893288725
3.374620544562621	-0.18465240868213767
1.0699457700650488	-0.9888829744524181
2.1496729127772927	0.4000769352555297
4.820461714902203	-0.25282178830968843
5.640578746441104	-0.23705805808426347
0.679045756217298	0.8624096637669366
2.4407578395287377	-0.9595852494742797
0.6993049701405623	0.7656965121900846
2.0601672263127	1.1380640415999306
1.353630883487095	0.8175371570988215
5.657696325118604	1.043584806127079
4.401404752395287	-1.0811086880849279
5.928412909918247	1.0907190690312454
0.0876117609661522	0.5371200392841016
3.2068727408435205	-0.6290133651974853
3.1859725849033413	0.14381957847123555
4.389793431462355	0.266326452564561
5.221218972294851	0.7069016508914744
3.8634492593223424	1.295482570645054
5.584796288520936	0.1705828365018927
3.0637800183458364	-0.2269323101848717
3.3432216420998433	-1.0710636864469232
3.355014833922846	0.14936891389932386
5.974544615251576	-1.0377676771374527
5.698271044780091	-0.21492045410959879
4.130189776492813	-1.5756318720072247
1.756118590012722	-1.363352180217673
1.486072062383471	-0.42684892111930023
0.7596706074003734	0.971513701800454
6.099516106269853	1.067889512969023
1.8169685888080949	1.2293119999107172
4.123212723566377	-1.3008343457039224
0.6744670225784333	-1.307999297442805
4.518624337280935	1.6679905791653866
2.4827277091313515	-0.21463947524791704
1.4987228941719213	-1.490284470257334
1.5520902470556788	-0.18689279383965993
6.127278759678884	-0.8070838505861828
5.816741842983912	-0.5821601052099615
0.7984314418521024	0.4937790121965233
5.658300743617186	-0.8830886866007588
0.807222116843179	-0.8936956481348333
3.9120316930731285	-0.34276593689523116
0.6460334478087661	-0.7771595758222024
2.0342058694987166	0.1077137639780634
1.00766881020951	-0.6994688737764279
2.931350907243253	-1.2779345317736475
4.700522565187423	-0.3075030592586924
1.7974198064871274	-1.9446979141864886
4.137820755867322	-1.5346089175410498
0.7132882274196382	0.9611174617255889
5.582990177016811	-0.7541192983007706
0.4941508553842633	0.8523785626406019
2.8446647130565026	-0.29085505289683095
2.7459534451593477	0.16861598105586814
4.952788328865564	0.8435979595948362
0.915971785886442	-0.35836026938312193
5.4379958164010045	2.0363541270892807
2.7113593035316956	-1.1455933927880662
4.76718264681185	0.824793532696418
1.94796996530145	0.1330021747001335
0.6869540551057955	1.4991399352433483
4.549219346809673	0.15580370867448817
2.6985363162577514	0.6296413423264772
5.401164757790593	0.7115820972605937
4.999379594029373	-2.215049370324336
4.558774581133543	-1.5012526819243939
0.21689487645191274	-1.6169252236736145
4.140768479830898	-1.3199261812636938
3.0022426801081323	-1.1258597684248337
6.129417722754539	-0.8092441520137329
5.723346970346785	-1.2948806927399468
2.484288466812419	0.45475718045011115
5.962101477641447	0.5828077170630565
2.699636701664609	-0.03876939774411918
5.731305970589952	1.8454337233033622
2.8317533091380334	-1.3776176905859623
4.990357668343377	-1.3390360277813258
5.453433065247287	-0.5777542768973152
4.24795049211731	-0.05910981445031162
1.1433664751569923	-1.5581479368202649
4.388739235968288	-0.46656964232779585
2.6006583020489575	-0.5842690015753748
3.0299848716687396	-0.23167763340474415
2.3648806268101694	-0.23884382760801567
1.4369455691506232	-0.09740192176573831
2.953048265827361	1.3414112001143277
5.245300439414505	-0.29168548356993973
4.177321554553062	-2.8170098970570563
1.34134878044999	-0.6871292740389556
2.5903137370118046	-0.6334189754380164
1.5254355430310307	-0.6214029317575449
2.739683784033039	0.8061903906333373
6.234074704752274	0.9219353137984233
0.7135185491665537	0.8782142928400094
5.0446468875287085	-0.5549527408439539
5.6196870584519605	0.16268037049750822
0.39349689290835244	0.5512474929864459
2.204841034072068	-0.33757810005118283
0.22997232334632312	1.6041717397400945
6.1549677662727404	-0.07192210572544482
0.5514812807242961	-1.404255663654119
1.4543915155797462	0.6995660568135772
5.8082765803283785	-2.0362563292463465
3.780115790148937	-1.4737460806903067
1.2507754008431986	-0.7388127497041348
2.142170782822893	1.3658052175136266
4.653369969906331	-0.6586816325177443
3.6704984363179705	-0.28777665008850195
0.6131378522794471	0.5736871008505677
4.056845980957396	-0.6207514587489973
3.1687128191884675	0.5585584672532143
2.863243901590325	0.2727792122812043
1.3128455477453684	1.0682270917920667
2.8358212339273656	-0.40163955482761304
0.9778214404611427	1.2182105203000841
4.343286168414101	1.2182105203000841
0.2718995255979637	0.0532329925796969
0.6809108360042737	1.720785316978732
5.618908966955942	-1.3365749086740424
5.424859333970868	1.4827083367279308
5.618650492533318	0.9602274279106023
1.4143613928358043	0.4473014387138282
1.7830260523668393	-1.687573809891858
1.3153044520870703	0.8895788576847176
2.9971638403364054	-0.5118107916826808
0.4455027632987276	0.5013012682157257
5.814138471511745	0.16405569552161953
1.297798955834911	-1.2856152881079537
4.642237743467433	-1.8407422356352459
0.19499558657363725	-0.383760261146832
2.2372617162860244	-2.5939167427532928
2.573496348555679	1.3929499308592181
4.741737414748776	1.08885702480619
2.0914205460365753	0.08414173833529806
3.68176339632876	0.11295130116903472
2.0565719999190613	-0.14307737720241154
5.933297308034852	0.8690212811383798
0.12493365145214153	-0.8630268256335938
4.345301554520837	0.15442837613396823
0.11420046416023322	0.8853804790471016
5.219265557694955	1.151905103058044
0.4336948773895868	-0.7701558052247642
2.719207458157838	0.6468691715996012
3.662553010857847	0.30404989108575425
5.081548933212172	-0.6658478302393347
0.09654013464761846	-0.24644434389043177
1.1244438699937431	0.7807105707548776
0.7195126196875927	-1.245803088778672
5.16868581942934	1.2963872241131311
2.921601353412898	0.061195431933797756
3.2961381044294384	0.801485304342698
2.352964778004228	0.9985195189937849
0.7774298839705951	0.5290250432832719
4.012516507541376	-1.8579700540335657
1.7795767228916581	0.3222911177534825
3.0912121268345203	-0.6731588023071539
5.345189907958041	-0.8499973801156407
3.091377594463234	-1.0226375812055946
0.6201099757801609	0.7115820998193711
2.6715094861952338	0.5309070769999097
5.251594416322051	-0.5035588071544415
3.5240192278828832	-1.6282898083488475
2.1626022265385405	1.6942197326829256
0.5756238588009683	-1.3076205844478874
0.642659654782527	-0.7071077551194617
0.0819503543186233	-0.1346082356376872
4.510113456917319	-0.35039039068662176
2.6774362588571172	-1.0371147586713365
3.3230026840040026	-0.9126834975538434
3.855569966758564	1.4980541166119057
5.915212981433189	-0.6617942233891699
2.1456479455198743	0.26626448398690383
0.9217640999524859	1.076623827317691
2.404203483271292	-0.4858966602800334
4.8771176934231235	-0.14915778588342046
2.8610544160001314	1.1548005208956285
2.502702697797506	0.8004718967129841
0.7660846861337527	0.15413883711688786
5.355696156408817	2.013586027128877
1.2940275846214417	-1.2088139297092755
5.647970237572579	0.019935512611015477
2.716246865344001	-0.583255597783827
2.1519719943435653	0.5293145921356529
2.1098597168549826	0.7542897502503434
4.537144381654091	-0.7359173190726634
4.6198069366012025	-1.2369720186998634
1.7680518042023472	-0.44796648331281474
1.882768817027344	2.2319740426870647
0.16987852592799335	1.5954854529632352
5.054847113132039	-1.1015381158093467
2.7646547703176747	0.8926190530670023
4.28272530510362	1.5335955765978104
1.5508643346196198	0.9397422372579902
4.538821751317258	0.6711184127335884
3.678603388832091	0.7365552139638907
4.497220059560153	-0.12078254177043309
6.203085087034237	1.1645726335004918
5.534853465346364	-1.3423657868888852
0.5091410504368481	-0.6106898259180752
1.4991350675082877	0.6035100564411245
1.8309459837430015	-0.7695043379384825
6.1812691089395955	-1.2185860208843782
0.7606471128991066	-0.8610000334031626
0.6606346549993987	-0.05237793227098913
1.6768584347050925	-0.6120651630164173
0.2928288009396782	-0.47178142635619563
2.351022838766351	0.9993157695820163
1.7518328107549284	-0.7272310169431399
3.543068683359232	-0.9351231118149086
1.639363601941108	1.046149394845437
2.152267440951489	-1.347143235084712
2.4511658801308496	-0.8280644792648477
2.1041701495616785	0.39250537069793034
4.4217820208082035	-0.42082180195194085
3.6259491348181534	0.603292905156891
4.954166465193444	0.7549412175366251
3.744923416066303	0.3046289728381384
0.5771190041621512	-0.16978774963285834
1.4140247893522382	0.8126327102268407
5.9012380459879346	-1.831476825885698
5.66060954212093	-1.4458775096868475
4.078506682023093	0.5019527434981867
3.4077616658258307	0.11338561465228648
1.301705639633461	0.6707564915809867
1.7870128262481781	0.5995288386831572
0.8282710434054836	0.8377506057542268
0.32446586514114273	-1.3747946324146354
1.5762542784066147	-0.9241204841151608
1.967030303711132	-0.20475010404775987
2.413580221171106	1.641522842991089
4.5380861856345955	-1.2534035967450614
2.154518121715812	-0.09334831243675792
2.3572368643809796	1.8370369724250735
2.684590376151032	0.9469808215130006
4.523912157923975	-0.22262940276613394
2.368974777086695	1.3670357809054345
1.9202351793277472	0.9434339171983042
2.992816821319135	-0.15653591337588257
2.570790808647473	-1.7620735803783696
0.36054445992550566	-1.6394144889937836
4.135514213022763	0.7727384502127082
3.716063499890179	-0.3267058113288263
0.8674552268665021	-0.6327124578603703
2.6304176326018887	1.5409604395236547
5.252317771668229	0.40618580281468475
4.044200772623443	0.585188293930002
0.5455533709743845	1.111439939654554
1.8072055550036907	0.9135613381432749
0.9161679089172372	-1.8438462811100564
6.220282279339665	-0.3218621310958418
4.709231312293058	-1.6156234771460258
4.3207046355177585	-0.2118108572032317
0.394408090511404	1.630426074314536
2.930998239407627	0.5383897854744939
2.791323867029396	-0.3563377377007112
1.7004554388858413	1.2145818462670803
3.8125944373650817	0.4655208843310889
0.8653736050788616	-1.1070370026385756
1.79158602296698	1.0858681795346168
4.486766906132965	0.46993718579570415
3.30347444609745	-0.23310880858122787
4.480385143258134	0.5122481649581906
1.7941764749807874	1.0826627949119714
5.962547739718074	1.1062401196500518
0.1046460917463774	-1.893494008455344
2.872631030461962	-1.7348634867265251
4.085460354910195	-0.5671090781680412
1.8031237029638572	0.6100477738774187
5.305029573477995	-0.18246385166593695
5.271925856927192	1.27762091523583
2.252464063501119	-0.6307179955729373
0.5022096128962623	-0.9157828557560981
5.422953741985054	-0.6412601296373541
5.291690151892464	1.2420768701171077
5.987128815798057	1.3158717418425905
0.9667927813019377	0.5763556995086581
2.4102250582960885	-1.3408158321598334
0.9569625095082444	0.979592101172659
3.684336264376256	0.35240670436525423
4.9084278550904195	-0.4038485515081494
3.0678698746932795	0.26814090531600576
6.168224345253073	1.2611666646277742
1.6899919120215916	-0.9132897870243428
6.139999816897671	-0.3210785931943659
4.011482871784258	-1.2814094922849888
3.9328424520776046	-1.4740882737917653
5.404378450567062	0.621373439548459
5.641709276028273	-0.3393136235488631
3.3414241792790165	0.470791958287635
6.194167181340637	1.314874521400123
0.739519305270365	1.6257248821568544
2.2708992493676483	0.6343374123130263
4.217959091376585	-0.1474896298039519
2.7128509916721413	0.6443096884990179
4.5379708394967775	1.2133709281759757
0.5936654407002901	1.4477836519107623
5.263085024733845	0.35267927886948613
3.2930127779324483	-1.250942272484855
2.078225493763897	0.9208970384447125
3.034300881295536	-2.03417804028778
2.12301284969932	1.0145261683243185
2.2606261596014363	-1.25738526974289
1.5212402401856675	-0.9257764111391429
2.233771541785668	-0.5038284590532021
6.030599594456035	-1.1734892038052427
0.5711070798301856	-1.4083845307891465
0.8754174357911513	0.32128679334987265
2.7539071520369465	1.0562000571854597
2.206583952616194	2.171044648611212
6.123668351637441	-0.6419417004455839
2.273012188566227	-0.7971905877876774
0.2425008972912881	1.7340173327506188
6.18521413845847	-0.7585325752022737
2.125944066507495	0.3086064162276664
3.7066963830303727	-1.12523525244669
6.09276181640837	1.5360664469767549
0.5208931655508922	-0.8307078880263222
2.148637892031573	2.133894569866778
2.8227091312770245	0.1452009721396294
6.234535762127196	-0.2067650375165888
0.17126653226503752	-0.26564309302181605
0.5817774701189666	1.011441736751868
0.3223315279487444	0.6594072019718731
2.965273951755309	-0.766894782619385
1.3983048295767428	-1.2819235171594379
5.664873495779961	-0.4652390027488233
4.799183729294425	-1.2430598922910188
3.122459417598158	-0.029171282276084898
0.5781693927437974	-0.0762600153634887
3.0927969189193885	1.658963249511992
3.0178418439240584	-1.8965445872005071
3.6887225379204267	-0.09860488666913164
2.996531993638447	-0.3619453744835271
1.1774205297467262	0.8383032724858805
1.7189378501381647	0.5528235277263228
5.734132350475029	-0.30724842238399047
6.0565117267063275	-0.6663428541534352
4.665523341489202	1.0954749218388813
3.1100857012153504	-0.7725838129380064
4.435646577708299	1.040229629885478
5.080816830576005	-0.6565412718264482
4.985622387369862	-0.8756032646133369
5.491507082042656	0.474753573365398
1.2577660190754472	1.7403918001147518
5.90804056459519	-1.5086622718377032
3.2973943837358544	-1.135859334029914
6.131134643451697	1.1435918052322716
1.6425500499490333	0.9334403204953291
3.791110800639615	-0.6972555422819864
1.1178524103875809	-1.7357437704793934
5.757863717777454	-1.0234495361025016
4.268035953408496	0.5621453177778285
3.1412025698243475	-0.13637183451774568
5.148808880898615	-0.9963752394442011
1.1551675673700759	-0.7045895953422905
0.11229188878465646	1.3040499043392244
4.657034949952568	-0.6666170197645405
3.340618202381613	-1.1897337779386927
1.84177629606741	0.8537253340370287
1.332609850512096	1.0435196656771606
2.1953567903593587	-0.7647014225981892
2.740966548652132	-0.02032929261116669
3.886492197205648	-2.2190373030971324
2.035180412301326	0.942693568571454
1.2268228102289127	-0.7131574190932383
6.177616125855906	0.10291021648838679
4.2788221089270415	-1.2972770506338744
5.636862971605064	-0.24418927096898405
2.8485277079489233	0.3613156409945591
2.2630062290069226	0.23526588677737556
0.8795152720766639	-1.3436803562538757
5.541498369922646	-0.45769932298155286
2.9444944322945474	-0.8305708076436903
2.014093252375897	1.3382526549115876
5.518794000552251	0.4037434798346681
5.075490775819281	-0.1975803313732542
2.8096510317512298	0.9158248934714129
1.5529048778934564	0.711636620716048
4.994878302150045	-1.0680022137772762
3.4615871133231657	1.3943204539957206
1.276010335525756	0.7747643205754446
3.7795840739773414	0.7884201109493619
2.8555034641305124	0.7346584105658486
3.151418264294758	1.7694533691928587
4.202508955542456	0.7664848056028174
1.505248058102108	-0.0639618714823381
6.175688297277722	0.2881469815195511
0.026914023194299475	0.9172059633590239
3.903685988875935	-1.5649158234364826
0.4801925823108304	-0.5361093644258808
3.8118694909037227	-2.6179453749429875
1.2500458453456789	-0.9245527770861334
5.809960992663665	-1.1051490303825926
4.652412866763649	-1.2266006716056328
5.854277425134015	1.8416514862490212
3.93175782469244	1.0693401097607775
3.6711380029019356	-0.5707617723572804
3.718033358457866	-0.9811405029255889
2.3774877573641735	-0.697192602537835
1.0230941341884696	-0.6118063674801137
5.781357528145698	-0.9710475543589725
1.0338182026422444	-1.8070116941629055
6.257811310303309	-0.9254947849148794
0.005183493287106877	0.633392633176887
5.421702629004681	-1.9870696618798749
1.230790707085351	-0.9335018366864357
5.334222712541816	0.831887018755761
5.322845834923324	-0.9274460763469566
2.7874515429481708	-0.14894438358468262
1.823711098612673	-0.37193095420315947
0.32670723251299005	-0.620957301342601
2.235063369474121	-0.5765483843323795
4.800501355567697	0.42796777140797976
0.4767491431006592	0.3845008600709785
2.2296488494533726	1.178411114867991
4.945539501002816	0.7497305399881761
1.4119668100131477	-2.0871915931157203
3.8362344143148928	-1.546950425673975
2.423087429473801	-0.6052123227504006
0.07956690688782064	-0.9789873320654979
4.584872489611056	-0.20290793727904383
5.3352795880523125	1.2742267115191879
4.974169092553373	-1.0663248594844024
4.566328855302432	1.4607441537602537
0.20402937054229664	0.5233123613389041
0.8342605755249828	-0.6430271805368574
4.76500796321135	1.4416348491925994
4.696967162211111	-0.43679488177661324
5.540778028614188	-0.27254918585645577
3.2174446415606663	1.3448099718368816
3.2918907388476324	-1.511759718115005
3.6484833210127157	1.0784910549955202
0.781390311675203	0.737349862248407
0.9070981605303272	1.6660344292685947
0.09945633745116922	1.3647939833356735
1.3272620370847843	-0.881422301334682
0.261558085302787	-0.7453022520094645
5.416371422339301	-0.8694453532398517
5.731878920945734	-0.3344525189576063
3.2432942685625132	1.4527370635980434
5.659968138218531	-0.0001745240616084236
0.4405533817293952	1.2756397183008814
3.815803508602807	-1.0984203845266194
1.1854861837279138	-0.6349528293542623
5.255033872007516	1.332025575155473
1.6917329931594542	-1.7637466553413703
2.1206070603383367	0.29918192434996765
5.660420044204402	-0.8198554065320705
0.9959676533111699	0.4804510230255478
4.5688648402027265	-1.428930365723481
1.0529202713292198	-1.2072895230274803
1.8890081607283395	-1.6301834827360722
3.41615750453035	-0.4285859660373649
4.150709207525315	1.1726917735016489
5.88411155659656	0.9953925455431853
4.466273797658113	0.017521755419079667
0.17406365233915366	0.3969488180914966
5.650486397685416	0.9868472215340993
1.7101860333392738	1.9490402918360659
5.558431601873007	-0.36802835550704105
2.449950225002471	0.1663588967949791
2.009709016432941	-0.18218378034900914
3.6113458584447624	0.26224177914361224
5.661368884240627	0.5460551042714132
2.3942313877580155	-0.37684284609098184
2.9501367405814793	1.0766070411962403
6.187859737471035	-0.5461350088616006
4.084760761544892	-0.4573844710932364
1.8063481791806328	1.2024322896195547
2.9971715153390903	-0.2975123767243896
3.0863788348704126	0.2564551627831335
4.803402525169629	-0.9045014882146937
4.284260681181397	-0.9045014882146937
3.552417450685157	-0.970105555784121
4.499048291122097	-0.20775255096731426
0.43313455135381673	-0.5191532247720398
5.057990925575266	-0.9688271199513291
5.237785953321692	0.8433929619142019
1.482872666265652	-1.7004976216706198
3.854729262825078	-0.8118483443173643
5.415327467239978	0.01806004510710451
3.464135022093176	-2.5745457409414696
0.6430067285575367	-0.22914957236959538
0.08899674313906125	-1.530936288162752
3.4408684067157242	-0.7014989139320013
3.3077687044371693	1.71118348188941
0.9024660459423401	-1.943939180182146
0.5200953778849939	-0.4214536172947017
2.3477098625327564	0.7252383368124269
2.3743901000288563	1.0778854932326383
0.5979091661584652	-2.730515214910285
5.543178569337874	-2.654616348817466
0.5351631820915816	0.6117937459115378
4.713581834607295	0.5780160701086269
1.7390717943340466	1.4793824370392554
0.0409823876518578	-0.008787163016383015
3.1557557692612423	0.914716368768774
5.783325511137308	-0.35598411338998615
0.9143809030689836	0.2839752304081511
6.123519621111328	0.057153346763118826
6.085543219390502	-0.7716111690159915
0.8568541726746446	-1.6741213928030358
0.47419764460109537	0.7596888933748099
2.3600642897971458	0.7853249557854857
5.235565703558848	-0.28143096986799354
3.926225953191752	-0.57614467074239
3.249530888170675	0.01678160578087464
5.999033777144803	0.46773392036636424
0.6817146117298831	1.411557899830491
1.404117955414545	0.9927011146725979
2.9047545209641648	-0.868099623830806
1.063925244820087	0.4034082974004881
4.753581351177127	-1.2735664606530805
2.4049369816052426	-0.40463206449605466
0.7595402076090352	0.3493101607996329
1.6314138572111379	1.2416601580527855
0.6064345226570271	-0.0027314027837511017
2.3328669666687514	-0.8578721157618724
3.7846206948271597	0.03535260573166011
5.996553310063348	0.8018773568749717
2.3924204742939192	-1.2343385815165504
1.0987171084647356	-1.1737137078846447
0.8671973879590871	1.4924931660582783
2.061520117039184	-0.363328543995783
3.0632914558959534	-1.7106528334259263
1.5321240618051526	-0.7952772444887466
2.840295937794986	-0.20461530216856516
3.8566667100918064	1.2831040174582289
0.7461967617775578	-0.1882358839058739
100000000	1.5753930864399543
1.4782305474938369	-0.8356575311520619
100000000	-0.6139671046383903
4.517559565760422	1.1407702079994069
0.7596913395215772	-0.27521395098787843
1.3458813525547906	-1.9080081234543085
5.690208160302752	0.9485627113537264
5.378462360784956	1.2645852286186765
5.941535812773992	0.38892138744296273
2.8693658113024925	0.789448349412725
1.10227199109066	-1.0397651495209494
0.7800715813572267	-1.3070505608399812
1.8643222246939488	1.761984760361769
3.449191889017648	-1.3884796594797197
1.032672561092534	0.571368060382849
6.205507171907167	-0.5053280956353478
1.499772048506791	-0.19786297482505985
0.9447704781607971	-1.5549480474163289
4.605004471228863	0.2770733451548333
0.7619428516397824	-0.536682977439838
5.418841267492046	-0.38759683136910256
1.5030269205608118	0.8461412002786874
4.882139573901789	1.485874522574527
2.1842168164085938	0.7447225039076821
0.592179424661474	1.5037247642408222
100000000	-1.3186164231561162
4.11407241915939	-0.351094124277909
1.4358169086141437	1.4726373017782868
0.6994823816135023	-0.34694912403449907
2.048172814648707	-0.08935767619458725
3.8040010261755235	0.042680506544977515
100000000	-0.4771822246649802
6.151075488972043	0.007113765821292193
1.4707811888861482	-1.6363103367133218
4.509677579528653	2.351242747444095
4.107421741544709	-1.2101779827952435
5.801925230272307	-0.8765057990051313
3.8008374370556575	1.7453379187321967
3.0619056108476617	-0.8728287933925132
5.051946731848886	-0.13535375953975765
2.318133783474158	0.3232700010286276
5.119739876130435	-0.28918659742545844
0.5968849406183265	1.626135881170832
0.34076766684985726	-0.9547927280574945
3.0300632669854877	-1.1953362270411994
2.7404237242852947	-0.900038694598187
0.7736586583621534	0.3712048739844607
4.529126009110669	-0.6082844430310368
2.430109144681177	1.3935480898858357
4.1975045791965755	-0.16757776038146227
5.453341385993211	-0.8019627236065042
1.718484743332814	1.2389798473050277
4.993241770817246	1.1987332806519497
4.21548878669263	0.8268870147477229
2.0712191851857042	-1.1399804728850107
100000000	-0.794742412008393
5.864859166027848	0.7786847309428984
3.1744341626631307	0.12484502639494453
2.236336281830784	-0.8640039624931917
3.404796751661916	1.0213007227369746
0.4775689259221627	0.9943582352605144
1.4673540376147223	0.608004484234798
3.54136169847492	-0.2290172986589732
5.478468629600634	1.5170288605510707
5.366840032130496	0.6983921491452814
4.189428564274255	-0.48921608962483304
3.9879864529156794	0.2923830923455762
0.638701332840828	1.0103365438963856
6.113119033453702	-0.04162336221556248
6.248625264315414	-1.1201245944254627
0.1806357782602087	-0.6887107433618538
4.400254884179228	0.4968918466140813
0.6360583771570187	-0.27715274239868015
2.622531864701514	-1.6388507980109277
0.006958015915764554	-0.9708378868023357
0.47832456582337557	-0.7116419241661768
0.5419751739985084	1.7242118025340676
2.4073768032075487	-1.2837850946327325
4.663677340747244	0.3504130358779233
5.021965923469474	0.9827255068834089
3.3434285605069554	-0.8462206010674235
100000000	-0.12519183210793558
0.7186571218064987	0.2161017957107434
1.2215818398869804	0.5585988086646584
4.234017736636195	-0.5424993369018719
5.809886603077992	-1.3268395921446334
1.2232365413340842	-0.2896923056914745
3.675529567084695	-0.42018391477219114
2.0052771009235677	-0.5248329399603715
5.516156289938618	1.3926332763482974
2.001814135260002	0.8205968247568551
4.0942232235145415	-1.0951196504264673
1.2132310761593235	-0.6310971250992407
5.725401535701541	0.13186492138970338
5.502499579561283	-0.031670209695350025
1.5347617935060258	-0.3907072058991959
6.128961427449107	-1.2195543902888606
0.4543663003690357	-0.020969763907920536
4.007058638362485	1.0702738962030094
5.494125172712221	-1.0783623409220164
1.6438212604009808	1.0971259734643508
0.3503716954716367	0.5145236707903659
0.29370792589518047	1.621986263519089
6.234675048581173	-0.8916765512657701
3.5408999590947587	-0.630154945363759
100000000	0.24384946854065112
6.07993501060772	0.5761690043419341
1.1553188324875991	-0.6302895411094328
5.2088453557117145	-0.4189052450777898
5.29438463497017	1.729192628988175
0.8426712612212288	0.36734205067277054
0.7541267115975097	1.3229121234170191
2.5937183456022326	0.09660055709230773
2.847349418236533	-1.6473030933366395
4.963492568678312	1.5521977960623843
0.7672456126956817	-1.5545658537904283
5.562023617648379	0.579803111182965
5.339500443748288	0.7090833603368242
3.0286610390671718	0.6659450747387442
5.4504766339938024	1.4174663888772363
1.8854676827500274	-0.9635512611067124
2.4704977802667636	-0.22730667591243436
4.247511846589038	0.6406408812630948
0.1995586202380883	0.3707742662742323
0.5153613122582428	0.3339620393785914
1.513477852130837	1.7030808235701564
0.9407355787544267	-0.8731694970675606
3.9319644423811244	-0.26169616191559725
3.9227977971930645	-1.9603079739999476
100000000	0.3971552432599644
4.7495291437868215	0.8765890932770786
4.802314270437576	0.7732187327280491
1.9773102230593178	-0.029583960415899387
0.7724834294558462	-1.4543585408435593
3.489694949631969	0.5892248960483395
3.1967647149383334	-2.028279353690171
0.9996138478933672	-0.48802070986802815
1.9221297028761004	2.0930078413685327
1.755184476095387	-0.4813581638086366
0.4841257130105776	-1.4997849880180072
3.891852662217498	2.040380486116419
6.143907384589234	0.2853052891040394
1.6274182835936557	0.10622422754726565
0.5142043779831891	0.43733238706646904
5.792643074267009	-0.37428640062731305
0.17613723209012555	-1.153534649505642
1.3900989923985172	0.09370672090512888
1.574477696665169	-1.1436417902356457
2.6404786915910012	-0.24049717198817605
3.422592158821979	1.217253620917888
3.431665966330396	-1.4812778898093824
2.759238386816184	1.3045396732907784
4.2197484785239805	-1.154409540289317
1.1952402676906586	-0.3603556297345718
1.3165217892612164	0.9546552466715457
0.44580174266017014	-0.6736297197312879
4.5541041712411126	-1.0066895199417019
2.6039480105281383	-1.6077989184453703
5.498155929505014	0.4081921740997469
1.3894197793851308	-0.8779476805336283
3.0327097389525015	-1.0860343543305417
3.7912441846622134	0.021360933388520173
0.13915768286368338	-0.08799897471658195
1.4104643421279146	0.8175683806319279
3.041789568029759	-0.8510283077783913
2.048426869844263	-0.3208514676301126
2.2079440637892804	-1.1187413703181046
3.5402793571755895	-0.7661650168906902
2.4217053277803866	0.9923423391489513
3.5611383427492043	1.471507011353631
2.224420609077365	-0.47651268447696393
0.5165144099753753	0.982785974001022
1.380450903563291	0.2875934320205861
5.535446425283775	0.2850360944903313
4.805647530848949	0.34661413871838326
2.223815424085503	-0.549531457338372
5.6557721758449295	1.0966548812176684
5.114598464441854	1.0997870574785422
5.044708103538877	-1.4111353845403032
4.956798050671065	-0.1297752732517206
2.345532620061679	1.1483603168276668
5.695083859126578	-0.42196955089931404
2.3659361836645214	0.8427878113372033
3.165995282768759	2.2207455749672853
5.339393681075826	-1.6432991160636399
0.5402859400757437	1.43287070252265
1.8989877619587823	0.09731162237624853
3.9666207658945023	-1.480427738484767
5.159933506650683	-0.858580121053584
1.636759982864941	0.016836420187463487
5.739973227748534	2.171211837297208
3.5600236831560226	-1.301228040286061
3.1085139362623586	-1.155576851030045
3.6262813082037333	0.7927052038810274
0.41928932260517815	-0.23247892450897983
4.113295727598128	0.44672357449331535
6.1304406277863315	-1.2178027648353906
3.3371745975676537	0.51409496724867
2.2267134377334195	0.2994258165006816
3.4255352062752134	2.3117862021774367
5.092590963296235	1.9446051850737711
4.389736734832924	-0.9904414564440917
3.0840287075365613	1.003052157015847
0.4129944462058788	-0.63238510828598
1.404290342963097	0.8077985921886076
3.3815229989136317	-0.30101662539283663
0.35169728101440256	-1.4742531563479733
3.7383426120140886	-0.828530566886871
4.498121001494946	-0.05622930266046781
2.9518681711323804	-1.5555516481532967
1.3326992473022976	-0.41387401484893516
0.6873773812363879	0.6779954468017402
0.6742695179562102	0.9743061215275701
3.711441950362743	-0.8861598700125711
0.2528553897070882	-0.5874479837207223
2.135419671543061	0.5120367805796452
0.720716420971371	-1.2200667866928205
2.460179942498539	-0.8147406899822026
100000000	1.2597769709924584
2.885048685676737	0.5383816075333717
5.797477510879611	1.3055373890204303
2.4503530432637355	0.9339655930909094
0.3503769263252373	-1.0741411525399098
0.039443010965818336	-0.6829479700599745
1.1837249602657989	0.7759652669960945
2.399962925612427	0.9034357955196641
5.616548742358066	-0.5506063906586408
100000000	0.32666252328330503
3.9895767135037827	0.5521714710995791
3.3413057082432807	1.6646914124836079
0.9051337508525856	0.9775306120052547
5.546633410025881	0.35863306713493
100000000	1.282485686201478
5.408916484969039	1.200981374668238
4.320023714458317	0.5700777183108288
0.12786212646424183	-0.05794446124945693
1.6653084135733849	1.2174468849966602
4.924916514335219	-1.0105431112570793
1.257163615720219	0.6132310929189916
4.676866417793917	-0.3719555507264529
5.129827749766467	0.8462867448929016
3.1125985906715163	0.4705299589444642
3.8823885255843518	0.1255088163658169
3.4522783856544397	-1.542516460156349
5.523086271301105	-0.18651269039085375
1.5472285175522362	0.5722731271251542
3.2783980705796374	0.6092519317223967
1.5690289725543483	0.4797918127482574
0.5066422339299015	0.17874731429188664
4.9017675702651875	-0.9658117845931655
1.064498722197773	-1.1795890539965228
1.5865083643764097	-1.4565527373527516
6.190822199618398	-1.2669248945769067
0.43990738630582416	0.3649448417465275
2.54498248255911	1.0374239200121618
4.818743752421003	1.1065199687472123
0.9625162029366292	1.8985196344637183
4.329006459406084	-0.992662369312087
3.4805894264795114	-0.6130538408473016
3.808203400846917	1.0710322987012255
4.3545158000048225	-0.7598349441657773
1.7679754988691592	-0.16543265753795222
1.383167512651931	-0.4184835423173217
5.266953732620019	0.8302829551113629
1.9446773698940498	1.2625111041988757
0.764468361916605	-0.3676028587691705
2.9438990065068715	-0.21650655741560315
5.401931429811045	-1.0521734467960202
5.64585529591131	0.9281799632097907
3.1218955882413475	1.2754567223517377
1.8133064049824847	-1.63459621930496
4.834154464857002	-1.5714140048995544
4.339761070018404	-1.2270999369261737
4.644576601823407	0.8863161048015264
3.359602516274773	-0.784438011572022
3.4749613985535177	1.0080433141983607
2.490692213011332	-0.6117657189046488
5.064031279825457	-0.14765662302547874
3.997592968527168	0.6151671595774095
4.444938975903774	-1.2066188433442167
1.3447416832815877	-0.17792740543617305
4.860591312777357	1.0463004295735108
5.566006244058496	1.8436457799510968
3.522847303151874	-1.3067056628432048
1.8631072869268888	1.0732864995790474
1.5498413985474055	1.179685099749494
2.104717169539681	-0.6113792886965979
5.08070197197831	-1.9179822726124103
3.258131304588682	1.0046941894067016
1.4941843085819082	-0.07764738132729887
4.501052079194844	-0.4741302629377818
4.114581922861145	-0.8688097665929306
4.611821903566205	0.40385131364299093
5.125863809139678	-0.23086907881348318
1.564219523319615	0.9165224876321264
3.2682050894536445	-1.3905621722744248
3.810100522374876	0.7888699277718845
3.8985117002147414	0.5729168638464237
2.1665925861293474	-1.4685577412097506
5.70796824572035	-0.5340277716258199
0.7295634004617284	-1.4183855593358166
4.177916602097996	-1.7791875191913065
5.306986948969491	1.4320919120869373
5.467041523052462	-0.24027234006659778
1.9765416196447045	0.5569441987712725
6.248440523011916	-1.576695294391636
0.8195606885224631	-1.0515938026222913
0.694321333388167	-0.6882799587617274
3.34326013677566	0.42742388645481644
2.663050899615964	0.38214651776184677
1.4655909077882328	1.6670447456386708
2.877091101651326	0.2590667955221637
2.9788685633718988	0.8422624503603907
4.337002793027051	0.36965177236974095
2.541633204804919	0.696447441344773
5.579274600738827	0.11582801758544439
3.951831042904617	1.843839016683721
2.194354653384739	-0.3077697500881068
4.226492274143274	0.45672857755081453
4.418842333121097	0.3107847546476399
3.4658909007843537	1.0212465265450907
2.9825411618487108	-1.2965939456632052
3.9217694177327345	-0.23312328744629623
5.136893688451468	-1.0995117955710498
2.653238118764823	0.03255115574744202
3.489891327625574	1.1333772415846681
1.2822394992342598	-0.8463965017650544
1.2225495557182846	0.5583611338188685
4.22960134728916	0.8963634268125273
1.6170300292959006	-1.2194356277595906
0.03296347279357015	1.4388545443174334
4.437851976487313	-0.5595325205215409
0.19364481274273349	-1.2769501156347798
1.5601763470276442	0.7627855369791292
3.3880510073786105	0.755636481370666
3.643907188224757	1.4160548501352668
2.2220885746076444	-0.4837911487644084
4.697551742886719	-0.2646455088604853
4.970700037559359	0.8505828009229257
4.774111359437274	-0.45723432346151227
5.408325886034543	2.196317523443764
5.2094961513470395	0.9128468200254946
3.711891424300372	-0.47312425834003313
5.572858650767017	-0.03864009006405901
2.567561643617896	-0.17898986158537208
3.1523520674339975	-0.9334551399477791
6.0023385326895875	0.41221140144526375
1.4090239323531408	-0.0344800644217109
4.901860590509217	0.7107786071710581
6.262095875083759	0.45442544516718514
1.0874105079316703	-0.8571425142438801
4.508602355228199	0.18702434175069746
3.666732328100119	0.01619043376609859
6.075627629278703	1.1161425661557034
2.2265262842158293	0.0037103508876093617
5.528292916389881	0.6553343014853956
1.5192972502641386	1.0225760670257802
2.1617588793927496	-0.7077907178512048
1.7212778340104276	2.114412744116562
1.9455965771276915	-0.8068130100438718
5.500640672879818	0.21021138327887723
5.224319208182564	-0.9597110514287464
3.677715808212309	-0.5210668602601424
1.5967100938450924	1.0654038772160845
3.8884814041443385	0.6063687375279229
0.4144901498704092	-0.4532788792654314
5.025899365997481	-0.9478447441529781
3.134664592822574	1.2700635920653631
2.7685658503008836	1.335191882799469
4.883061625303254	1.1802479147031517
3.2648954639536587	0.6265551003071329
2.531149135452777	1.1196888269681993
2.09558546632792	1.221643600528569
5.733450451033846	0.8387846830429415
1.3681145624818107	0.9532195395571351
5.864705474434103	-0.35111952184808265
4.993472122003391	0.4387400923752769
2.964456192809688	-2.2431136016119098
3.51713782108693	-0.5696914468787927
3.7237328179414653	0.7767934622042713
5.486559220240121	-0.9288177294725024
2.4860200587293377	-0.8735098387390858
0.2106924146013709	0.5713835895706403
3.2573334348729617	-0.5491640965905694
0.8613399174261316	-1.9024687138171075
4.950787400551821	-0.4367751652811239
2.9556030402860873	0.6736111472319763
4.8087172758099035	-1.002948063082975
6.073187635145004	0.189888623816097
4.8936725448326115	1.27708789777674
3.5302054545627004	0.5968893345284244
2.102316564985113	0.06788388837883301
5.705685409963105	1.0960244256182265
2.183206939932136	-1.2000378823225368
0.16112289266421342	1.1429440699457223
3.7576715180586664	0.9369204028050575
2.153084862374911	0.7796577401639271
4.123374777533467	0.2872059888222261
0.6037744951215135	0.8908191308147949
1.7988312596809084	0.9920237270037782
2.291243733999444	-1.0742141130083511
2.2884532842563168	-1.0716908064360726
6.264635965081278	-0.7497319754946227
0.0966842337704712	-0.07485278598738966
2.1697593220185745	0.40109526206753776
0.7182082629514275	-0.106291680853988
4.29239167026368	0.44958344420547186
4.997199739814745	1.2004342804957515
4.151055218698618	-0.02131801021659799
5.04924243751118	0.704299873277682
3.4910691075852314	-1.0205429353182245
0.37653103715600356	0.4656779838463636
4.972627454874833	-0.2856502359208194
2.4600101658520526	-1.4064025273340757
1.7788201483866146	-1.92285013599404
100000000	1.2373370397529246
4.653940016170937	-1.4608562609974705
1.0134510333929816	-0.21802020543659614
5.638785794633035	0.8122281017145131
3.1839243693016495	-0.6694945354477455
0.7151201296424254	2.568923328184108
5.093123236693274	-1.3241689423722591
4.010232562730243	-1.3444090486656957
100000000	0.48499078114085303
1.6975033697582562	-0.45257913122989957
0.6263583540463991	0.22413302347978614
5.996774907995394	-0.1104280358205003
5.807862861835242	-1.7840322679727765
1.6949378675477682	-1.330294255411255
5.184978642111631	-0.6994552327624143
0.4231481426190138	0.888727734101384
5.551049848097744	-0.5514494169527369
5.582629706907669	1.3770870201930583
5.079674114671853	-0.36615918381961965
2.6842683482326724	-0.38839667371805614
1.0581982205796612	0.4538316580282321
6.103847733923352	0.2371159895801732
5.058357898428027	-1.0633777639385338
1.7131171384911141	-0.7007868237814249
2.2205800255143573	0.983736421990717
3.109014757228866	-0.32707712511476555
5.991968800635274	0.6491753596382065
0.913722692901624	-0.055766419440837225
1.9447286024494375	0.5114893445126447
2.540494337545036	-0.14811192700026252
6.023099205064344	-1.0750291338715807
0.8496555659134675	-1.495677257941419
1.9906448929332692	-0.29824827896743045
2.7237330794625993	1.2409988953444564
2.0213740168832164	-1.5906193576306078
1.8993135921469295	0.20742161469093676
4.000581756447665	1.2650340395135178
3.7982530555091074	0.5719433606047213
3.4436585730801763	1.7306231607197762
1.16292022594482	0.19184205762102777
3.562687686029502	1.1158297831963753
0.5094032987185226	1.0520468001476218
3.1478975064473076	-1.0622459175150178
0.5152123828675846	-0.4800098099624641
4.483222419070136	-0.8408696981518375
1.7891122474706531	0.3433765735094569
5.802699224838668	0.17246747039798796
1.4417024959403566	-0.7881388771383894
3.14655581136962	0.22932620821363744
5.82492608063121	-0.6053786625873764
5.909202422455371	0.04190543671660273
5.051798155622843	0.9406596105647328
5.456786049587734	-1.0282238895389604
2.6301318127167246	-0.946930551606759
2.1245595870451917	0.6731439202865876
4.783674635704491	1.5663054175897448
2.589469076580575	1.688944525276854
6.138468933310079	1.0756158786931598
2.540408182405704	1.0580389261954797
100000000	-0.7731585290694354
0.9891369790933187	0.4396502656886076
0.9142697895634626	-1.3161128551284933
0.8386931499160687	-0.5866698613126583
2.919991957611243	0.0508936440281857
4.840275741154938	0.09084123059237036
0.015281915249175881	0.6398542619266274
1.8480558997878944	-0.6752203640027956
1.8299631012489064	-0.28266872358911543
0.14417322006080013	-0.7024512969631044
1.3195200453061835	-0.5424612125830565
0.33983307938994484	0.7887555782777206
2.5827766325548462	0.8043047135279515
4.313376015952784	1.0232147457980367
0.5266633265416489	2.534468141374033
5.536898817913266	1.9988718270307975
2.9925053939719577	-0.6852205993338492
4.939157328862838	1.9583354571445857
1.0676220234130118	-0.8062865556339334
4.415598829587838	-0.04492230675105104
2.8922101884902984	-1.7377406380361378
2.82389125187966	-0.40207702610907375
1.568872376318966	1.5028613217988134
0.674061851153013	0.5866847760281257
0.7704841377806648	0.8684024420846284
3.610182156463104	-0.5974936108581381
2.084215017132422	0.7575215277821081
0.08417051116662755	0.7406822833603456
3.048359948989695	-0.036638490937652965
3.9594041285637043	-0.6833872969752471
0.6239385035029024	0.86290252660808
2.1810900310530865	0.07695844060475132
3.911633987984736	-1.442646631079594
0.09840678147243231	-0.055446833342674126
4.94303573900656	0.6141164310104292
5.485189614189583	-1.1123124577169496
5.325521688015837	0.7080223196959301
4.393394762903474	2.0789939964274122
2.840130285653352	1.6339764856465002
3.69177737845628	1.7573510640711458
2.863685092519658	1.3844434884656602
3.466334382850684	0.0729523303760152
5.766629284877272	0.9423456892195051
3.704096073092524	-0.655140843211543
0.9506331774608441	-1.4016349688048413
3.654976756290625	0.6841893758329373
0.6938202440258294	-0.0068303275085373925
2.8397204441782993	0.4606621138650147
2.827268337592984	1.2445692104155044
0.3324940239591294	-1.3189325954664355
5.556914418904887	1.700858122940769
0.42719028297019435	1.059133922589645
2.757636706013025	0.4940689869133084
3.1124927538278975	1.3451972001485415
0.8278349766239366	-0.18099417851507094
0.392487174728295	-1.9403546574749233
0.9422263166339615	0.25017169225479036
3.289304192997508	1.3260493513787879
3.149359984489017	0.7108062248332039
5.474464688934647	1.6891114012054376
6.043993243663365	-1.0705538650564632
3.0769443644845538	0.051835390870518326
5.9359427899913015	0.37381783862043994
4.258334035907087	-0.7431394164297422
2.5114561586127344	1.0873803979552574
1.1797969665083787	-0.33431269463535185
2.2214730073721123	1.0771953669836678
4.500191864339735	-0.015725246833376904
0.5074396275538983	-0.39610181824398466
3.939044660478089	-0.8043174322515559
3.234430457824371	-1.0025858413880537
0.7528243383928377	0.9041179140804358
2.2442596776335915	-1.3458210404601842
0.05688813283301908	0.6147954335952478
6.115709444016494	0.3419047801395317
2.075800037361807	1.2328903918789145
1.733708673616782	-0.4686191646611585
3.935003388463201	0.6313630610216729
3.052287366491024	2.365328875980321
3.4723805278576605	0.31175711481795376
5.151009184156368	0.07261283450283464
0.9414354893311874	-0.6929710106485936
2.7325258564151627	1.5848467138480624
2.837497788292328	0.9336448893427202
5.738272957209571	-1.0173186992369916
4.436979572087846	-0.39240067740787027
0.4202049299500197	0.6696551283716581
0.31537354731482686	0.2436270015722778
2.337755280142284	-0.2286687664756068
5.206636951613583	-1.544349826869263
1.2265395516021584	-0.28055898193067585
2.1040978348102577	0.7791258545371964
3.8859570776799526	0.6043520392688012
5.3530648079765	1.612620880372449
6.0911117933968555	-0.5598583925975043
3.1213525907434225	0.8373160583416764
3.6958277338443155	1.7386205874953018
1.663122533342225	-1.0805895231998865
6.1151599567402	-0.2909912191019834
100000000	0.7842742426639275
6.161373909890189	0.05266289544990154
5.984395952161801	1.5260468533177813
3.679966867373041	-1.1038249766571115
5.749202027496581	0.7472872189826387
0.010103163687744221	1.1151928825200343
5.887612715174829	-1.791268675845611
2.6362634996655103	-1.0994217520832792
2.198534799620087	0.7319775807735396
5.697063718274561	0.3549945075647959
0.5381395849506628	-0.8827157655293558
0.45834413544305086	-0.9602801041111743
3.2505566286661782	-1.0587089343217322
2.587865661180677	-1.2575988239635902
0.8713897369217909	1.3548633434492356
3.2683908803517387	0.39875569729417804
2.8741242761505563	0.3714557614493225
5.047366022133555	-0.11228836702330287
3.37343817519745	-1.1626248443712364
4.919715363839989	-0.05999170827584661
1.9851104896037617	0.5819295009072313
5.020173424991679	1.0261124281917176
1.5390490182920864	0.05239192643281942
4.830599392318034	0.6573938545022369
5.20838997734692	1.1949927162878673
0.2728516018672087	0.2535850442451846
3.2438533626367043	0.2438302272780915
5.22688204970214	-0.5850583295321723
5.601985568022162	-1.393217905207548
1.5439260521560456	0.06661769811463282
1.781059321908879	0.8593321500808482
0.2663772190646245	0.0748822001734968
1.5272031467992884	0.9505803296064073
5.442229216401684	1.2427506758868592
0.4045875287727734	0.6844905741402285
4.232268206437222	-0.5425164874524823
3.517255864515432	-1.59204006676639
5.658762915113484	0.011611366632143101
2.289254219789905	0.6560390310759285
3.701541668117855	-1.3266954484001017
1.5181130045767919	-0.2185752373298266
5.190145398032666	0.2826462723590868
2.8897090554535168	-0.500448831452626
1.6113290743769122	0.6805615551773053
1.9748324500746512	0.9366255260436954
1.304546786472149	-1.219324728440842
2.074114322953676	1.1695218086524035
2.362197387395961	-1.1021492316612111
0.3329072037900538	0.16441316121367722
0.4740055215314405	-0.8237399795105145
1.5621922246020907	-1.0049581300134807
4.994317218896777	0.2573472372447832
2.183425881561358	0.44275693107166797
0.8069843584019978	-0.7395819168737912
6.036779636261978	-0.6065008462262611
3.8511398468342897	-0.7024475719012861
4.327134934438335	0.38315862366072045
2.391118031809431	1.3341774162291316
0.7092169037313311	-0.21027029998866184
4.517678376049972	0.6713917832843569
3.341322765686004	-2.0568356577007085
3.145671460352162	-1.3552783356815963
4.575124326756009	-2.0688207942408865
1.8521678924112646	0.24536208381154054
1.3971595860252068	0.9055934947810438
3.800883239925109	-0.9601611645130109
4.077540453934194	1.1792872902823248
1.7084384904948848	1.0638237576551344
0.1738315832456223	1.2480545844257784
100000000	-1.0010285743168994
100000000	0.08503606790488717
0.8835809335116451	0.6607164835948275
3.3331478770552856	0.5142749095146315
6.256106680577221	1.1329840011174503
0.5254283307401608	-0.29004034970633713
5.720189681055716	-0.7661719325299521
1.4816301482209902	1.5488623378475856
2.199857010847463	0.8746809677428882
4.4071129262550635	1.0278027896326698
6.151722731467191	-1.4630792529898182
100000000	1.7589627708746998
2.7313226919820064	0.22329105546288106
3.3370303863387503	-1.7611362905687489
5.030944314268427	1.1186410995725484
1.2933511538190992	1.1981491741789467
4.530505160494782	-0.6164557278344394
3.962606904900401	1.1178551704766646
6.226983487080212	0.7973341510702496
3.337028176911105	-0.9082909769966663
1.1071116825957574	-2.136147219810105
5.708860305801661	-0.2581454227472663
3.178285487366658	-1.7427983686149229
3.1462414764729374	-0.33385493293860125
5.5705619984280315	-1.4128463780319396
0.6921061387301681	0.870947892493512
0.495311390063069	0.497901747684039
4.022967695984994	-0.4372023428264844
2.757699816056249	-1.1190463544940863
6.173598975528774	-0.06140550132804826
0.22921935805776528	1.0168655159170708
5.45293847427824	-0.00671913499281574
2.7541847972302347	1.0889074374925658
3.0458328201587386	0.7712025849677554
4.808195335751264	-0.5102921305726152
2.321825805819008	0.25014304586858316
5.513242435030195	0.41040356179364734
1.1458567600367173	-0.8196794279745439
5.980609604479207	-0.8449595899955124
2.2732709401404643	-2.0267744982811045
5.349896280029669	0.6419855744122211
4.215807714957967	-1.9868239829543306
4.490529810449587	-1.0891816905698988
4.406434014504697	-0.26731439736162116
1.1358008784596363	-1.3161792041791402
0.8668011772321922	-0.2828361581854428
4.780339438639225	-1.1320138869037384
2.2845534028335432	-0.8375186745476584
0.0853682298917952	0.9378710058204449
4.71785662911571	-0.6218555224239017
3.5234106524691136	-0.7520881526412978
6.145215672774966	-0.0894473030492563
6.128067007061199	0.7048608821575212
5.245595267734588	-0.003690707857373928
6.056560515168512	0.6134958816657444
0.6753744096762364	0.24268829833293393
0.47999030816166943	1.0655602898839416
4.719325989560076	1.4323246080457774
0.41847949264646367	1.041104998062017
2.250706187642338	-0.1845295160297851
6.218193509721523	0.5975836282028706
0.1257805166494217	0.8532882678864375
6.115214135955229	-1.058072886188432
1.4432684120730261	0.1600619865686292
0.9387593324064962	0.2542964108221973
1.7298411784931265	-0.40234472869889504
6.231221535326375	-0.0021907883450268534
3.2867807119817822	0.15856206178839313
4.19805209674412	0.8204855543593942
1.2932625066671175	-0.6366591279262657
1.6760693071827406	-0.950534778907472
5.591228520231224	2.000013670023734
2.837666169370145	0.16364876591067082
1.0631871454831137	2.0637278951897002
2.2053517088172887	0.9445880501479503
3.8222001563612356	1.294005416365365
4.2605073568530525	1.0575389403117124
1.2618436509734678	0.56080286427722
1.7857572909156794	0.4173317609061131
2.0002346188845905	1.0463873358395503
6.09244703710017	1.197553705411834
0.758310955988776	0.7819439938850843
4.7993550319187035	0.8268765398092793
2.720371242579557	-1.0616596652423156
0.18385190906015444	0.8639181749270373
3.803580030378103	0.048545812464054226
0.015241516894633106	0.8432452920681975
1.2348917901306697	0.6163653042388839
2.8399952558980974	0.33046652899188395
0.6281607860150734	-0.062057367506328356
4.978131784860787	0.756053990902659
4.58193265776212	1.2179657363851544
6.239489363466171	-0.7329804153863803
0.9198499992559128	0.18725628276518047
1.093866546915125	-0.7911514128524342
2.429051035363795	-1.0652464489067277
4.105735177690397	1.9497335473443635
5.884505386817436	-1.3821871397273413
4.115464849185157	0.35674782867693916
1.4085737520420247	-0.705329618448718
0.4988295170467616	-0.06883963438646808
6.120258194632896	0.32831445994586883
100000000	-1.5297667530102255
4.339540291904637	-0.6281812965593158
100000000	-0.4875144013131585
3.1712048576463046	0.13606318547432422
3.919830705614212	-1.8957484731562726
6.058263375276307	0.6141480324150792
5.462649752677628	-1.409577095153173
0.8497112597843882	1.4646055964780877
4.281744534572503	-1.007727575247233
3.224500907630054	-0.47238471935553467
0.1533907243528875	0.48632831347592387
5.1983375663630245	1.1574469993336018
1.5149481546150518	-1.3040606100840113
0.2205727165532094	0.7497934326922447
5.163835637018179	-1.7153661670937232
3.667740056583904	0.7020566711509911
2.4753465274659696	1.1452519659956677
6.188469036092718	1.2604853368843822
3.24611778702238	1.3161782062827219
0.6600892803908478	0.1035865409104321
3.052664577100515	-0.24407002558858473
4.901032439248078	0.07714573146586885
2.1788990804246273	-1.7546819755155891
6.146711713662828	0.27340328987644263
2.2411797445293455	-0.3178132621519148
0.9040892768686506	0.5255986667692297
4.507471074249684	2.1843178326012374
4.8222190292338265	-0.9241004441150213
0.7876816865941514	-1.2317584421676417
3.8483457295755876	1.1073791092913459
3.101673256800815	1.0168874574208866
1.939281817343013	-1.1620398197465558
0.9649405684890991	-0.7367359065037216
0.7346057098225259	-0.28400618689998597
3.1499196909842997	-1.0073961981959847
3.106570312717187	-0.8841836602610675
1.774568292734081	2.2612323408133106
4.783048217207444	0.2883381439411591
4.5958669195245845	1.8678346833116433
3.5522976304755893	0.1613240005805407
4.3068231936908	0.49817283731119993
0.799553459290486	-0.5723846350304358
4.383707342778614	0.5803145283679232
3.476797354401076	-0.1586212990865842
5.512847059150302	0.6946340551023729
5.646227413558696	-0.6397951344026689
5.964398666534228	0.8162173515883205
1.3091220328135993	-0.29194881155468677
5.384115309525956	-1.5071707130829577
0.3666014508346995	0.39070978061468215
2.4558429850811763	-1.0009470563680762
6.110516264282985	0.44624027718608883
4.9896753492470225	-0.20994289066870472
4.610019630791978	-1.6998982215574294
1.9117858503501353	-0.9190090258918028
1.5536075582468216	1.3838775787679674
4.76570465375433	0.2548704972656918
3.2346699081823704	-0.42989255572228535
1.1156663560708804	0.6993181671628268
5.012272553476418	-0.6965475820083227
3.6559923252878197	-0.6454975322674981
1.4752145499343534	1.9118246343801144
1.8413776458856166	-1.3281561221871467
1.1840029954928968	-0.3506699444088787
2.8462593888638037	-0.14572301806481489
2.9889780133890134	1.142340229644743
0.14495673255478003	-0.3672340594201405
5.30839128341907	-0.7641617392613411
0.27076531801196424	-1.2412624258106149
3.472702982609234	-0.3212075475415765
0.13104151941903464	-1.1040654344549954
3.652535598628292	0.5342201493267603
100000000	-0.9511868498709837
3.4628337415103476	-0.026923043290558425
4.64442388586388	1.7729304972175508
0.32245463410376995	-0.2994162412117186
6.2572718122888595	0.5564187659438697
2.550388529254703	0.8526040711079622
2.4722631913398345	-1.1244311457430958
0.3918279258431383	2.0502435778198502
5.09117258171316	-0.38637782282360233
1.4783991583941178	-1.3474356661100633
5.952606503531447	-1.2498839107678472
4.9851422208092595	-0.8019061817857474
0.12765789583908038	-1.4279481190174068
2.4921694989772156	0.01985020317725018
1.7767308997536393	0.48228758740187294
0.9960558795963337	0.28976374670695615
2.9568476423637375	0.45526907310548875
4.217433622749649	1.0336552504104353
4.459969959765562	1.7013789910647708
0.5140968340760876	0.8417423614605974
0.4441840790013858	1.0727574003415452
3.950260119947676	-0.6218054277242303
2.1896015547671404	-0.6431894200173026
0.6908920554513029	-1.3946841264731913
1.6853990312718432	-0.29262767065736733
1.8734582894856509	-1.0024909913660203
2.2496262060809515	-0.8019336475736021
4.3530712426025575	0.4935365041278434
2.3887903087459534	-0.40692497015550555
2.9160498267440627	-0.7366468526544577
0.1817251110608456	0.34457790340767186
3.5305620869023695	0.1509988168809454
2.638431845882515	-1.6200653051246106
100000000	-0.869434708901776
100000000	1.7023154553600766
3.843949834791391	-0.08116189095721515
4.1221729004238234	-1.6701878725179848
5.594290893978714	1.5113532118242947
100000000	-0.07015774290427187
3.7164046206327566	0.6174002870067096
4.7834326421745725	1.9359523625958472
4.809900206739027	0.5235966224265719
3.0589578878742785	-1.5523629523553342
4.2169199502929455	-0.8084422020795975
4.230012084293563	-1.582154683350691
1.3292774164792804	1.5224244545535703
4.785015056749212	0.7896420591760107
3.2224414416906693	0.01666767893790111
3.3471228916080427	-0.6088242626206349
4.14232188347561	0.8704957073451002
5.666642642578901	-0.8512510468306927
5.631576801837496	0.8973351065506713
0.00950868590518128	-0.001717301850833074
5.949646524767094	-0.576885393469419
5.224224167758127	0.01948581596418524
4.136097588545821	-1.322483603453025
3.1975458293414154	-1.6926658381773345
5.681701600181838	0.8684827620997164
3.7499630123614147	0.2201773379169884
0.1728396664560723	-0.7771743211994958
6.162892826716137	1.2412818472270764
5.804037068892638	-0.2332741252852227
4.841569994730987	0.7495171675093719
4.7124970360097596	1.0109999106988146
1.1321339283844942	-2.131691171254828
2.8968961651828726	-0.8620538915831647
2.919348873730332	-1.6213401647541898
0.9490782807529898	-0.2971518650700755
5.258881810888156	1.0114025009931251
4.9322361005794715	0.8757964820736374
2.6939129150303742	1.1737136944838966
5.720536360285489	0.9927491245994611
1.4252109716408512	-1.5113657637803941
2.117418415153555	-0.5662838262232912
5.852447180459078	1.0139522436745372
4.823284398514681	1.0772260993521035
3.444415487218375	0.5401699428605764
0.5040259990549877	-0.18321866183331267
1.2970604404962023	-1.26135688889616
2.9413826906755034	-0.5050229264645408
6.244915355366862	-1.363346570062036
1.8878015618292405	0.5100427293203427
6.230623432367532	0.217963089630557
0.38678495894115894	-0.14054403334082521
3.4735132647622082	-0.5742685507749585
6.186265114496357	0.677252121773068
5.342991160964971	1.2257150165840531
5.318246386896426	0.8214467342308143
3.617463510800415	0.7565625179689748
2.7516126030902726	0.9738273567516461
0.8398870237875293	1.1792157817039162
0.8459826278624378	1.5349718756300763
4.95581620931754	1.241684444340524
0.7876587907307924	0.20219495112861754
1.5190521946459592	-0.03660850375540844
2.646712796467095	-0.4216304846104181
3.3966752531353452	-1.6056597393256304
2.451133231820396	-0.879887523086058
2.4894495677385997	-0.13339977506559944
6.258273321550456	0.8494305479235855
0.5304052412268276	0.9301086688638579
5.54712468701107	0.626192384532182
0.019147125500880602	0.5383664064714143
4.904679995928659	-0.3673597208820339
5.007416995571525	-0.7245540108818904
5.198141090518286	1.877927741014997
4.395139354920126	0.7896003359618224
4.563568098169177	-0.7726696754860111
1.2768182115798012	-0.8193954842096428
6.069265958672046	-1.030720542786161
5.544850989421575	1.7394049099128062
5.193659361955705	0.6765583145387748
3.565146941499897	-0.12717849436115358
0.9754107306104255	-1.1535578001204756
3.4206434952054865	0.31486351200251567
3.6244861277817053	0.8860302362304703
4.2280771499606535	-1.6274342600280987
3.9501470137055463	1.1859754890387308
3.4693433002487546	2.0684048806699478
5.351280515098182	-1.4044608152031182
5.441208653094294	0.8873539052668047
2.5515804072876715	1.1205858161223234
3.20146997184079	0.791254941850914
1.7013288316166282	0.22147808490872073
4.291963273897304	-0.7799499078255704
5.895818435774794	1.321321482635933
3.3922501502815656	0.20433646081268628
0.6435309485455782	-0.1788680852933601
3.2484773552708055	-0.3723896939558524
100000000	-1.147336512251179
3.926032254336568	-0.14842350992866532
4.726337538980523	0.7371165466930877
0.10990881052531254	-0.06152410152120534
4.204293404861575	-1.645436231799015
1.5469180026389981	-0.19792903801678974
2.133463118844172	-1.060966581818042
5.872186087739476	1.0160153194624324
5.391811745949052	0.8170004565024555
4.179049714383462	0.4795951355437103
1.8867750915443153	-0.8070852827442438
4.78960316891991	-0.934423025563994
1.7344266609280163	0.08053892105379812
3.6988519364539236	0.5218878012243293
1.8824475511168632	1.3655293085779632
1.6718183698261448	-0.9593168790975907
5.808245610006917	1.6911090809093756
2.8467149417038584	0.28228507892122073
2.412502237572815	0.8506000666020087
5.95258555394215	-0.24950632280138807
4.0908022019586125	2.320274472300157
5.39471291526905	1.1008666079638663
5.703651715693447	-0.31082329727973185
3.345791906615751	-0.11920776802981047
4.645364675694795	-1.2175146404716537
0.9851625421765551	-0.8248194517593022
2.972451160650387	-0.0632893572835867
5.054428284997808	0.2642232348930396
5.615343946629602	0.9210479263789871
5.663135559679047	-1.5636222688110704
5.509372941766865	-0.5129693401646999
3.5882445029905385	-0.5953473558281502
5.721147710735028	-0.027298964297494326
5.458551152567588	-1.2756324719343888
4.560519160647221	-1.1257391415464355
3.9574976886070345	-1.9933076113785997
5.395738286717167	-0.40159906227319553
1.2090869954921597	0.9449082374156872
5.101856081682452	0.646921094595264
5.816394157184333	-0.2153154601488826
4.958117489246725	-1.6074105855427019
5.753112076730579	-1.2239796004737709
4.304566486307259	-1.0405618792967053
6.0692983952469035	-0.426725690774399
5.822010432202779	1.2784192229858595
1.1204823142117908	0.3153429214710524
3.082182788213377	-1.3404818273478967
0.8358360582507487	-0.9933744472596185
4.222613920552574	0.5360173597157079
6.04778634235595	-1.2513056193582288
1.2007576123312127	0.6786459610971947
4.4824782284205735	-1.3964002285229473
0.14130845495382172	1.092135611584871
4.730690224663123	1.4792323024127005
5.805333262978649	1.0548788749331883
5.115104583068311	-0.3677414331227809
1.363175157455725	0.49716106223176026
5.213200463185955	-0.18272414864703232
2.5229835389628352	-0.6779253112394581
3.010733266541992	-0.7738996985974474
5.175174955630361	1.2975474453933062
3.205278598867847	-0.36087660805533334
5.381197591372448	1.3505333097618148
4.894091493884456	0.3016799001016692
100000000	0.8561985744994507
4.443916337100944	-1.1695940972037475
4.707985852569466	-0.7520388744193539
3.281682336864213	0.18844345708306745
3.918711049649934	0.8375368870052669
6.109251465971294	-0.44098855450541885
0.6686991114115051	0.03221848698422877
5.078867247850335	0.41564948733482604
0.6891759310180001	-1.1926546128785598
4.5172526192991	1.019688273047971
0.31505181743095356	0.24042958030462955
0.8913614298856389	1.0991337324680355
6.232089565050181	0.39105604960618034
2.8004917620643344	-0.933123869787516
4.7949287274755275	0.7041058320826667
0.08815749917992122	1.1936418461217966
2.417042345646547	-1.268900929724762
4.03752374088368	-0.2572375995317645
4.259287129038336	-0.04276150267904787
1.1428801623717328	2.072607240279952
3.9497657021862675	-0.2619030175768412
6.084635855307848	-0.5498928244664426
3.7834540740997884	-0.8192875743943581
4.259603873247572	0.7638898799424638
6.195652887784957	-0.5033052576145596
5.913027675350895	1.1573848494390702
1.1248049325435847	2.7002111857761517
5.626711663544491	-0.5894821194545384
3.0986567522220767	0.6146441925463889
1.0156910310763454	-0.8846684147319726
100000000	0.6329106747133237
3.0209240605170438	0.1458267003297898
0.5550381155183395	0.22128386334366448
1.9239386956365374	-1.1729466769460244
1.5069255771913639	0.76748480680038
1.3988933894327076	0.47960509452805133
0.7714989625267624	-1.6305385925414684
1.0292047044622075	-0.5734076138327466
6.13915049799207	-1.674710255048478
6.132620033039157	1.0347732107713925
100000000	-1.542128823361695
0.22178846101407057	-0.5714149069754285
0.12043599550470496	1.3887443709603
4.632107971081196	1.4072101128359904
2.729043115571839	0.6978729269495562
1.7226412097524406	-0.5816441474845448
2.9502930181672724	0.4976723038520144
4.662609234596026	-1.0853340053016811
3.1513233212348633	-1.6594992629516743
3.291501546808899	-0.13959534091495177
100000000	-1.0051607627296573
3.2260872935363896	0.1873414266752552
4.13910871889408	-0.8078163549515115
2.014433574881598	0.7698760430542786
2.564451128853472	-0.3772588406176644
0.6279058953012324	-1.1164866593010792
2.1638651515229252	0.06113665948077203
3.185859879219537	-1.1166194898126849
1.5002521679204905	-1.4353861842016247
4.8816462018195	0.6214193959786715
4.153844521066667	0.3803682945598175
3.222108556453052	-0.44985979924509406
0.4683073299977476	0.6533026963036966
5.076125571513307	0.7410482281033518
1.952987227141865	1.5493565529348083
0.1748390449206232	0.7088992285998498
2.4022563865918958	0.27256285633782407
3.894579253493209	-0.2056867847225021
4.354761921407613	-0.7314957017460609
1.7614632981925098	0.6235449518382239
3.4110336097518488	-0.8027017572966103
5.78940337379803	0.15579023461638064
100000000	1.160180911390325
4.17239866539467	-1.628479462063539
1.4058353038058193	-0.961387645468338
2.1216425504265715	-0.6958926681007455
2.9393084477262423	-1.4034364455808863
4.6546153665321395	0.16163550970812532
3.86591171499283	0.4775459675721466
1.5545325361428262	-0.16138227027823768
3.736503049981769	2.0107346025779944
1.8238441680278576	-0.8222302911901749
1.1340500130094764	-0.8006426127305832
5.711949310613679	0.31367903802001706
1.4260833826427954	-1.2103431430648006
1.5121894041413908	0.2657876537860477
1.2666217122635128	0.26279859291306634
4.133892711782689	-1.2942361007599883
4.254760492793573	-0.536143998477217
3.9119327115993325	-0.2479321672580149
2.8528237826033616	-0.23086131301365992
4.102385989528866	1.1298917551401801
2.282314784398091	-1.25763673041563
1.7455134309910179	-0.5060541259296197
2.6569172169334117	0.026596409782024565
4.348349829822756	-0.12199309706553602
1.770760174646501	-0.1214617100982675
0.5754768424543188	2.013856537987887
3.9956700819429765	-0.6982839196167501
2.728892955391352	0.626932559424406
1.1858643828588757	0.6942978385454878
2.9710697578305356	-0.955110839387671
5.7187361507557535	0.5833528672338093
3.3897607041925504	2.1695734753798335
2.5365998274890558	-1.2920696530575764
100000000	1.762043537602434
5.563655073993243	0.8315822841144036
2.953135061839987	0.6400891170010335
5.194320487924818	0.39378860181085107
3.978382200813371	0.7913414463658279
0.7620670632343343	-0.6267323232571684
2.673794600990896	1.2733668153306974
1.0586672890475324	0.9329492885128869
5.999107848478291	1.1559034578460619
100000000	0.23635047758275285
5.0617562247244186	0.256637177086195
2.8989172415841344	2.045126181287471
2.7262589518614817	0.1569330264442143
1.2316175923146533	-0.18355100848125813
5.813709875703212	0.8470134817670624
5.637073674945047	1.5501971381903024
0.24027330453464923	0.34809362421700724
1.7685364963823442	-0.2696863538042521
1.3008126574219236	1.2650525860778261
5.414358802007519	0.1675752340275101
4.692032757822063	1.1108736478091146
0.36331174933967514	-0.44095933686935934
5.745067329819296	1.2865365542227203
4.247832597073881	1.3144723194632717
3.376799346037631	0.9546327787765125
2.1304189488773133	-1.3251270115066462
1.097283246857737	0.23788029139145125
2.578634178317961	-1.4679985895506251
1.387137625829972	1.056997477236445
2.0861813963909075	0.4716762301767204
0.10739621430225554	0.24260277122237206
0.29595753960385257	2.1394427446443243
1.6823582981223186	-0.516319446196855
0.6029734660432773	0.9672703952027051
5.7029989548871	-0.9882347199046854
5.795753330914126	-1.1984847613241478
4.704431295628393	0.34210739166335286
6.189667153637175	-0.3981244582348909
0.3428121296745929	-0.47268640384888755
0.02034112082393502	-0.6473515932767906
5.49812708993484	-0.053450057090569957
1.2478229487350418	0.8602497303832011
1.0788369239017968	-0.42971850043923765
1.6215170931018896	-1.6672073719487628
4.384718101251371	1.5453416356047671
4.450627774636636	-0.15089274390212815
1.0347344620910182	0.2572358036920282
4.208189167708586	-0.5463171571902321
4.936001556947471	0.24493075822286656
1.2173096877037022	-2.545787891186734
4.684626240403882	0.11882063094704944
0.9921957536966008	-1.8620927277908876
6.045428438717774	-1.7963106265226825
1.6411395817127676	-1.5097692655751307
3.0605463011863874	-0.4853905411674218
2.674897207579384	-1.486289878741667
3.9938266892776118	0.6327725982680497
2.6053117510578607	-0.4402941996577082
4.8752501345839185	2.362330402489979
0.20647149590335712	0.03913712004509912
0.8851715634568156	0.8425570722065027
0.5756599683534134	0.16491468109844157
2.8349193983034606	-0.10380098774497924
1.930584374500151	0.9690662823677217
4.0643892218764925	0.31177710580039186
3.4153943878520803	-1.6377417361032063
0.9690543664183418	-0.8170282365710708
4.089888026555171	-0.6703653582576189
5.437481440345056	-0.47986989901903015
100000000	-0.4421565818518067
5.73906759522684	0.6204010360211558
2.49123928164964	-0.15129182608492378
1.7368671383443175	0.7672634590836914
6.278815119063248	-0.4174838111496913
5.676450602191153	-0.5302866633731106
0.5407255385805306	0.7903158005712198
0.6712904177833643	1.2413934833592708
1.3687270054113627	1.510194594301141
2.0191032459485925	1.2523594920241474
0.23646705914502952	-0.2648288551639364
5.727582164617006	0.38577681460171137
1.548069851356484	-0.0762668810614756
1.9353994930765739	-0.4515854430045838
2.8971861712570646	-0.9336889390354163
0.5256826029077515	1.1312652655219493
100000000	-0.17034727079227338
1.7498286649646442	-0.8037015246878633
2.0703888199571017	0.46006488616497954
4.355409233768711	0.3358279530317585
2.7092288470312393	0.27504680978892515
3.390815319578076	-0.976616853137073
2.576988059444156	1.2522257564639043
0.1536831052595904	1.0557067504548896
5.025703405382341	-0.6915673266291166
3.327024011514032	-0.05493664457645838
5.917964133693742	-0.714636083220838
0.14541027368245452	1.940343222097213
2.212619956426101	-0.3926765413206361
1.130904306403135	0.11155956607342564
5.40741494598155	0.8550420248062385
4.153376465316411	-2.0365758354034518
3.7166347063226297	0.3195795293406107
4.178285723086277	-0.05105841984157983
4.810399397326034	-1.312885712934897
1.1770991790427319	1.0802465532998535
5.190100445407093	0.6434781712729308
0.24159810091239464	-1.052175387113367
5.039897310300243	1.4163147743024982
2.3296558910083682	-0.3082248519992341
1.4734834658181795	1.2060213825913029
4.827058953356114	-0.25259238379057697
0.2594697832357147	0.08414452688695306
3.4461114240866397	-1.3242529164622314
4.38175164765798	-0.6133341736304778
100000000	-0.15831139877061196
1.258555101509197	1.1021116981221768
2.549753820664086	-0.968325480040121
3.006546799492723	-0.23915233632422658
2.8802197031938945	-1.203024953217963
5.670487342277165	-0.429920876704255
4.824862559017166	-0.1900727247990271
4.702380903765693	0.2444890710808589
6.058371432521721	-0.570205624870037
5.903795849724803	0.738628415275217
3.3263627716521897	0.6115831170706924
2.5530642717726746	-0.98370464637396
2.522123055436536	-0.12394229993162825
4.749479993976037	0.9039879067541948
5.4500863933428985	1.0409962489221676
5.569401714366675	-0.5874570518197244
4.662107728925774	1.033908443867009
3.6594960271608787	-0.671440682634942
3.2912751120836745	0.6889470255643924
3.4936034499570487	-0.91750737115839
3.872400929406888	0.077324203533327
6.026914017657294	-1.2685535967235761
4.073606595677072	1.346974838694893
0.7950474203415281	-1.2667482186606884
3.4629379915726943	-2.319084496176714
3.3231744463081725	0.09417442173408754
5.970904672989988	0.6425420518969078
4.611886294165173	0.6759081653524877
2.807338780338277	-0.045374812759690346
5.649775348677282	-0.5959490246376955
4.356708668112855	-1.4122485018111635
1.5177266602179404	-0.5030722202329132
0.02349946238954459	-0.26850648084257367
5.065833647566475	-0.19268049879142285
0.5576612528913225	0.8997084870091301
5.845160279447956	0.5954684211101827
1.0525248722213645	-0.5712617102658182
6.274094428709384	0.8585550226991218
4.558033679245522	-0.20216130883144637
5.643200874064917	0.7533716383289376
2.1463192798970336	1.204906172956922
0.6656143034588302	-0.3837720038061252
6.271517765386952	0.14936592498104115
2.4071916227526367	1.794853345557685
3.629431808689434	-0.006747697223785342
0.4635671760555873	-1.7272565771326536
100000000	0.14393422133586156
1.0539599130367288	-0.2970564117730793
5.542355502229658	-0.7128694700479372
4.112825031687812	0.06674009133179486
4.461622566688371	-0.3816632180386112
1.2729521107493564	0.8429628268464371
2.0498875389767903	-1.0138498783021221
6.009891129655218	-1.3977117614026073
0.21517274292098862	0.9810559702012004
0.3663971085982709	-0.24299496054006423
2.8291162495938553	-0.9225972252691397
2.3177659404312543	0.8332496666207202
3.4717151880037824	-1.0114855141631063
5.569649928200639	1.1171681434103462
0.24777480467475232	-1.381416625830981
1.8406955615944423	0.1767161624396483
0.26498653821870555	-0.29354177670982934
100000000	-0.4549592969617915
2.9592800104692465	-0.08662572869214083
0.026926524344265346	-1.2977044554340034
100000000	-0.8631040890974297
0.6645521239974651	0.928528172026612
4.330669818908295	0.3127005221446129
5.946151232415707	-1.4872390491329142
6.052950455667339	-0.061831585123244236
5.695008798597364	-0.7894245851210279
5.379837949893751	-1.2828151868763307
0.4476646915901217	-0.08055499691556003
5.145245026837687	-0.18995594518817352
2.9556863188298035	1.3625534459612787
5.80454028257709	-0.8445084800089471
5.793952082528048	1.5649324175197095
2.3180046559134944	0.3095693033813615
4.2646456459469935	-1.2557205596255445
1.6990000522440205	0.125530322726865
5.743719177446046	-1.4512620012555657
1.344312325950014	-0.5438475700434843
2.5805814714730015	1.0161384067754917
1.3577327938148138	-0.28306177851923686
2.555490250111944	0.3231805148291458
1.3661554289286304	0.6239692327221393
4.412627985823125	-0.5419944031664237
4.234583269634559	0.5905482676517915
5.1190276144152715	0.738546275640974
1.6770131898981004	1.0892427754309573
3.333962512763531	-0.5061451447924832
5.696033091200933	-0.5525715101086907
0.2864411284766044	-0.5779383357840578
2.7760822997492483	0.2801557661671801
0.5456472325399231	-0.00943811867461958
0.0749887034443466	0.9669272093498529
1.460868660735673	0.36893966105389797
3.5936971818748944	-1.1792738058554955
4.467500068693033	-1.7798366370901382
0.7102752873024238	1.256843007182693
4.8979302000633	-1.1736724874797058
1.7450278473940806	1.1576290734420653
5.052109300356955	0.6486185932639402
0.686719086843838	-0.58798205704205
4.115994814515902	0.5940219606304613
2.5158140246648912	-0.4549027822803899
1.1129378660153932	0.7452571929208666
1.2872341300091188	-0.2924005690598544
2.6311325737911773	0.39958588220150104
4.775619139186375	-1.5188287398030778
3.7684150734653983	0.23862885241900172
0.44378155896146776	-0.7316201006117168
3.4383041498726374	0.039879112703583186
2.07476078121255	-0.23793271297373075
3.4683617096676205	0.6475884616787495
2.5664084661136446	1.2466705082749674
3.004348866106799	0.030607992583719455
1.5111080356924216	0.9093689761462078
3.406344617477787	0.14147518899643347
1.2046989942991004	0.7720404457208883
1.7743123897014144	1.260062140364672
0.17671489654653083	-0.9171069802374759
4.858735429042085	-1.4341009531747835
3.0085417521716717	-0.5463263690223937
5.258710092431473	-1.1415454628554569
1.8883752165003447	1.1833178248747236
1.7942660227544973	1.9703977094240506
2.2039798657741105	-0.40906222943111403
2.2181081462135896	1.0582864172061737
5.573922607060467	2.02447924753198
1.792376477173013	1.6647724680726532
0.14841732921365836	0.7224656725918017
3.526472447533415	0.8224521788176153
0.6977642161874691	0.2743613080405706
5.185630508195379	-0.8137081902017695
3.797648838521532	-0.1303490367720528
1.6615859231130656	1.3255394692347962
3.1371628010709145	-1.2380552831201812
2.044765143217818	-0.25389965469923353
2.8199758132718316	0.756137888019573
2.806664593647472	-0.08573174818223066
5.155027908486154	-0.9218069290667112
3.2406874358269135	0.4395032205396645
4.060418490262018	1.2665004294874052
4.974729993379164	-0.23033554331346653
1.7072451784185736	-1.0861762483176818
0.9663439323959837	-1.669291379947738
0.9754698833881594	1.1223473206941124
3.174496643037399	1.727867633654288
1.9011451850864844	0.38406962512481346
0.9356116698162955	0.8629489717910211
4.493075633166738	0.2876241730064753
1.7393777848684255	-0.5557262632670479
1.6683266562238526	-0.1607377224896664
3.484896509513799	-0.4043622800329094
2.850874966575601	-0.937130025589636
2.5203955312586217	-0.22209454439954737
4.208762930532394	-0.23632313983959338
4.824332488535884	-1.9908835035495571
3.0734514211551165	0.4230856070027182
0.18930426215713148	-1.8017268055418145
0.07944302862953379	1.3989358596332369
2.8027770487482275	0.040780474280121354
0.05061993772311535	-0.5037049544758212
0.1542373821759906	-1.0973788458103741
0.529495506594782	-0.6084557944218468
3.804903403633368	-0.8097164603222904
2.253375713687566	-1.2828013545160217
2.918759632261466	-0.10684931125962394
3.8730366800540423	0.1141124968077708
3.1051615860631223	-1.4619787164456788
0.9771959508195538	1.300816479605156
4.318621236922695	-1.255824943438115
1.2906668883275803	-1.0986021117767357
5.9982069805546345	-0.5984764537920063
1.0010393993083708	-0.6964670771866602
2.269598261404612	0.30172400406088645
0.7911263533828654	0.6833853122238257
4.037525632291596	1.3693197697241088
5.864455300481604	-0.8376585876856646
5.429802868514699	-0.4197497685278129
5.065233604019808	-0.33508636988871165
4.26342703323712	-1.0273303622964207
0.7269764308296223	-0.7840277168552036
4.508204315632863	1.1506757486821142
1.2196238161947939	0.8449861577469571
2.3438868516729023	-1.228011576121984
0.8466995349931903	2.1882047619949794
1.7953421091316937	0.5896439295573851
0.6606300552653499	0.43113345645777756
6.038757037671308	0.7479612722586072
1.7977475972596118	0.13613141625652142