3.694895473542674	0.32439970830969433
2.17033948268019	-0.5688146843308557
4.859527386152072	0.8874650566016817
4.089907376841829	0.014510455758854705
0.7841430603725776	-1.357805285723795
2.6592590412973056	0.4279101365817097
3.176744144103992	0.31498318604460573
2.1629739430459125	-1.4285718854490927
6.223873822296014	0.8251162525828949
3.666333908321815	0.9722137781856287
5.171847436584735	1.0805038177650494
1.1093293399414872	-1.2890361348602621
5.844744446113442	-0.7097058688924235
0.46224183627627213	-0.41101656783483737
5.079412749554974	-0.03128809470053988
5.319672613464087	-2.121970479452522
2.6262729707381434	-1.1995791380773406
5.49328197492239	-1.2960271756158828
4.18692956996788	1.157334075597371
4.859883244867681	-0.5225881175754906
1.0360499109667038	-1.5805916863805272
4.8617648732153285	0.7460745066725314
3.128971789110725	-0.7748368284221405
1.2725344121986693	-1.0611847778319718
4.533851175667156	-1.1531385604749693
1.1009611775755754	-1.0093938943808922
6.028996221765322	-1.887413446276039
2.4483050287585226	0.42213181597369964
4.39840559821001	0.07486181220628468
0.057988714010386744	-0.5664605599703616
2.2240823987279548	-0.635229727067422
4.172673943579854	0.3333168643206607
2.892733849426886	-0.2388083156665105
4.369839786523594	-0.27954192169308184
0.536921795208696	2.113396670406559
3.8752537980934907	1.769051455526646
4.587423133893559	0.808922686776181
0.8127320222450756	0.20490971901009947
4.4455598520696	0.9228483665511825
0.021552973854613335	0.3393805400993762
5.6116869238895015	-0.32919268406553465
3.9794508640879744	-0.10005725659656724
4.498497023636785	0.13678259666860496
1.6707925435551365	0.3680581348141332
1.967053581801304	-0.7063530115902659
3.841216540126279	0.5929133191802045
4.779048781334701	1.7751151514593646
5.139464908292941	0.5309212064208532
1.783950825482819	-0.35508812862800165
1.0788139334184228	-1.387267590870287
1.841899663714406	-0.30814818132385374
1.1270955797787794	-0.3702829649604072
6.1495948432252305	-1.1508557545709153
3.158656222198502	-1.4289999210125268
3.747686685927027	-0.8818427865283899
4.033888704162331	0.7473585868848465
4.767229963242475	1.5055314794191126
0.2932362710587993	-0.6873772943704054
1.9882618566811594	-1.0477733725796141
5.37627645642841	0.37462117594073013
5.59961571834509	1.3405282810599117
3.7770341364614817	-0.7011454038059777
3.7583518439500025	-0.0312880962766105
0.843356179921031	0.6228750007267733
4.328597998256538	1.2776801198691095
2.065723391707705	-1.5030480258556307
4.641863432668819	-0.08150955980493746
4.802658945016315	0.6701002846630959
3.128731278971869	0.9714290664930372
2.804709810716408	-0.4758621797786889
5.021610511984789	0.9343336798543387
5.2834728864934455	0.07693059773795563
2.5650248436402725	-0.30779149723553956
3.5020545314374023	0.5944114108699541
3.5910417593853556	0.36870017365943425
2.868861458726391	-0.5801573247867216
2.9032959895051516	-0.5357855171818752
0.5383071846009455	-0.45403296747211186
4.629655233176044	0.6217335936769627
3.0082148763608676	0.6157412622219465
4.57776732015069	0.6031145560536152
3.0587341107626185	0.5750076565105892
1.065107193006165	0.11053046652055669
6.109347992479679	-0.058324935556135445
3.003689057999687	-0.6913721782245134
1.0586794806504232	0.03726705319634005
2.6490450468709277	0.17402066986640813
4.606349221555723	0.7853813788675589
1.6339608749751084	-1.0609707676153939
0.9692213220371759	-0.3233430216752394
4.22721326723163	-0.5475561753915769
1.8434741174115343	-0.9922015984694417
0.4628219120296597	0.7496413776586225
4.276079301819765	0.9824150100156133
5.661912834356631	0.9309808153022561
4.950876394820999	1.2840291249315703
0.01451484147284976	-1.2331076776862213
5.774829865624519	0.39188480008025856
0.7567265241334358	-0.4424049802972193
5.209670457205812	0.8238321786748621
5.193907638062034	0.4386820689420654
3.4395642983858234	0.8652078213402358
1.1163301036001396	0.5273543469400777
2.0612745367526903	-0.2861049511567562
0.9489607798678836	-0.2898144908923541
3.535059756507751	0.8924586636258156
5.1846540521011555	1.7051332634266583
3.077894325265781	-0.20470908183154116
2.415289502313727	-0.8069386099279899
1.94099517771798	-0.6424347819797972
1.0448394679807969	-0.17981236721620372
2.710160998835338	-0.5581854326981434
3.334672349810256	-0.6243151138218157
5.576127542612969	1.315702896721544
1.3402509842704333	0.6875779256386989
6.228960792852858	-0.9953404458702357
1.2223432399203662	1.8774128419317784
1.6193318205010634	-0.5291511580716594
3.0412477516417358	0.29821891931350314
2.4953497698886746	-0.21098676591584883
4.387568115244297	1.5743006353260716
3.8012014742104387	-0.5234441622243718
3.4640639314271495	0.9254165017586828
3.712221591379891	-0.4289935785910205
2.494031964247955	-0.6974358536683137
5.151426608538402	-0.6885186910181499
2.0731913729709706	0.7815291647086
5.801020560565839	-0.2437305916256393
2.427143174538157	-1.0152435473147639
3.0211713537564666	0.6149565467467855
3.319204744136628	-0.5707408033884719
1.7234023629637711	0.6322201850709496
4.671797026078083	0.07614588509972182
5.045391579385373	0.47948700918578313
1.1429897763539882	-0.49697802485427983
1.7152146297800517	-0.6808142567111637
2.2667468641433537	-0.49569395173428255
5.860915947766539	-0.7978074424198882
0.44902433528063324	1.1309392804823852
0.3505286964443268	-0.019232091820703328
5.058315911400662	1.361858134933617
0.21224775070351765	-0.38533514010844494
3.743090561408359	-0.42892223050445266
5.074719451751378	0.7975800570375953
0.32501765425289264	-1.5937177547642996
3.977384360390446	0.9349756953737947
4.19472857611785	0.5282103851270693
2.6085297412996584	0.0052366024402817355
0.2643911337752378	-1.100063595550718
3.400854491287701	-0.2773304597778121
0.17803607259169407	0.02385564132448572
6.143805800286357	-0.937842572876151
3.8141296840578764	0.8492995886195376
0.5072849783381743	0.20462436996636865
0.6242264599441905	0.5282103939530648
1.1130263150766955	-0.2949507720246348
0.6801825304842835	-0.6031279286976172
4.951372131906101	-0.05661284125434871
2.2283482489655224	0.09305282790905962
2.999085570947306	1.2253185500722943
3.567906516562075	-0.8384697050881036
3.6783546479738973	0.8546499001421003
0.5150397517693053	-0.3249837814840674
3.248075286178211	0.7718986293112028
4.597294821385845	0.9722137680987767
5.464010063218856	-0.18601870951822613
1.8021644194145923	-1.2377445947117762
5.32942105653522	1.3873969068342817
0.8790200298909641	-1.0444205026688913
2.008433261493767	1.1227355076010175
4.392801190642048	0.08335095432478828
4.427455961855493	0.47399403616363855
4.0787414949437455	0.577147780110929
1.4904827326675893	-1.2689903372425984
3.8312189621987107	0.5359861501838464
0.3329054642774789	-0.12488264180177372
4.472781234906622	0.6992059061152912
1.142059922283054	0.5182945037592791
1.6526337700692664	-0.8944694901750082
6.2184002277463994	-0.4830672540767326
5.248868021397964	0.5274970063907678
0.6667776231921092	-0.36193650946011097
3.3543873088608183	-0.5957088561611321
3.218079922258128	1.0226492509898164
1.8413195139439456	-0.4529629081936549
2.862013486314355	-0.4353425975229028
5.072499593901359	0.12329984348728652
6.1074497247511275	0.16039524208442074
1.19316766353695	-0.5853649453371816
0.8348197936086983	0.504597737957875
4.691421394283568	0.6643219697289401
6.205087412839472	0.20455303381853582
3.33313362667417	0.4003739328408429
2.4448594351406694	0.5908445424055759
4.611283291103767	0.19057092236195275
1.7762824230193779	-0.04505619594054501
5.2517775653146295	0.32268761018593634
2.862895326755922	-0.3725657650329999
5.7987200904669045	0.5083496860304524
2.781849977498898	1.0833247045447625
1.2591205613638357	-1.2032588366298367
3.7800852567546848	0.2984347551275118
1.083319689543111	-0.39782127324757227
3.848016262582915	0.9997023976215612
5.99925230836263	0.6505362621824651
1.3471482862754378	-0.3346749712227388
2.8151270816143246	-0.2799768114728288
4.370869515715056	0.729218561522544
4.55854787989896	0.10548771009048032
4.962301289306847	0.9525932462885707
1.3450385811698045	-0.7112617756733635
0.9473996884950696	-0.9072158018674235
2.757401937688403	-0.5849691558061787
5.301960395180287	0.5732858487040718
0.9245412286141548	0.8937426097575533
4.337163532336789	-0.9057123138987996
2.7141853727878136	-0.6292145442736077
0.7217941369018295	-0.12654990310394892
2.932952113304266	-0.6934347630673332
0.8100313732792408	-0.0757178435401486
1.328919423858423	1.407361197651728
3.403245214688888	0.721486358382259
5.981010090865984	-1.205621447384202
0.93165086888358	-0.6034405294825365
2.1946661203174687	-0.8413488965855044
2.49893306556376	-0.8190830221805407
4.8177567444099685	0.6292727097155135
1.1131789139284827	0.5931175121458341
5.3639864289736305	0.5987018754213279
4.980816214897106	-0.5453774341930958
3.744494146824317	1.0470263204768269
0.6884769921928182	-0.2564222358063335
2.3540696458096164	0.8286632498297656
2.6419012032460554	-1.4370863072304607
4.911385275467282	0.3282896401638474
3.61148723939297	0.47484347055081155
0.6143137017921418	-0.09411761767991499
2.0263337251532976	-0.8239514390453379
4.890945418542383	-0.9679278775069757
4.499629287486737	1.890194168340829
5.339082177348458	0.7171906824488812
1.5353043243124986	-0.16513930910602684
1.6168098204811416	-0.890749057198623
0.26211880424847056	-1.0176860169406614
4.617105760924549	0.6873358059540052
0.7957204324997378	-0.35916027083286267
6.122118221429056	-0.5127303735296701
5.585158598622824	-0.12433047348965556
0.1433870204874813	0.9009736474999271
0.5466351399901788	-0.8873125356860224
1.1626872534986017	-1.2692689271446105
6.03427311056827	0.3605071438633072
0.6523094447446844	-0.47428415022964415
4.369854307346929	-1.2409891211115744
2.867034686241837	0.9382743560366777
6.014779936811478	-0.15661957484737665
5.359022929581651	0.9917554109376877
2.1858141390132637	-0.25298569950435373
0.8571762779212906	-1.080474354934307
0.9964947127229564	0.7995243070915722
5.303444469981978	-1.5580809241646498
2.279179419872158	-1.4827635581496492
4.898873215982477	-0.4276045659838308
0.8207272224773181	-0.6934347649654353
0.6504568636850925	-1.3527480412425483
4.018364888068222	0.09095403597864839
4.371307764482805	0.49646500610906014
4.119187817047774	-0.522825190587824
2.59850563188209	0.6143810633473842
0.4807845491798286	1.1567806169781996
2.447738515697955	-0.4418518668223437
4.163091831256422	0.9703486707070784
1.0489633191511123	-0.2329392544961926
4.92279017356421	-0.6894970635028073
1.4446104934764552	0.017283347752206465
4.976913903750489	0.7592882266226142
4.534921002286878	-0.09053789812227013
0.8982124055565288	-0.830108558437068
1.5454521640672922	-0.691430123620214
3.8021453402814416	-0.1472406986242445
4.868152226632105	0.7469739853083511
5.799526860000885	0.5805884879206831
4.969854180462877	1.1783305550956777
2.8097788631475975	-0.6676607555523201
3.082449478451874	-0.9258303402138629
4.184796071859662	0.9992012277947453
5.749302741318741	0.9387755132094794
4.96546894720027	0.47054781083038943
1.117937828660267	-0.5392919152474643
1.1013071417407279	-1.4724539632422131
1.9625220306851183	-1.0239863418116693
0.6265993524706293	-0.7132664246109933
5.7645370130039755	0.6321364814388849
5.146446132016837	-0.27847332888216103
3.4774913946362727	0.5308303436626544
4.16826633254016	1.2975353072685265
5.337761476720214	1.0459524173110002
3.478812317609595	-1.312869933978939
2.945847392640749	0.29821997379837567
4.11842563911896	0.145437410603218
2.0240306512897455	1.2034601999586114
4.450742685883548	1.1493348077135506
0.2078457219131451	0.5567475329306683
1.3084241044062725	-0.3569408456277024
3.918651175536843	-0.011569217402394322
2.3084999519099103	-0.4975523402456127
4.1033758908963875	0.4774208741020135
5.622539989561666	-1.061143849930748
6.280303648665015	0.26192158261255705
3.6623573937918152	0.34833608335299393
6.2486700057876154	0.05386811162313015
4.870215443623106	2.2296950335625256
4.5173154205565815	-1.5105422089079856
2.927674300931832	-0.5182431318510726
3.0589913115229024	0.04198343201314523
3.5107366917454783	0.04835533969371931
3.2095663881657135	0.006902152087264272
4.861915962352125	0.8558691463699679
5.945615592272748	0.8036767901996866
2.4339922632014717	-0.9942030465446078
5.841992512812594	0.809833907060614
4.515811579084449	-0.21024381292496416
3.761545201445845	0.28962863869818883
2.421043746531967	-1.2938974123039395
5.4418263533649585	1.7752135058119378
5.133679031569848	0.6261225460146083
4.829316188680786	0.2057915377918372
1.7290386597091556	-1.2289612452014151
0.8468919344158046	-2.005761020487485
0.9375483611398252	-0.4908224682965878
2.6676472210175355	-0.48774390757258407
0.8077352321354736	-1.0505478769651937
3.0865586123104185	-0.980671704177649
4.149006359218028	-0.1949226050848765
4.675646649649169	0.4322447847845318
5.794179985358207	0.8126976952342039
2.8419515659751933	-1.2481485624413164
5.7703096256419855	1.391252450230903
0.31221749211539507	-0.7553639532835589
3.883645704936986	0.11085729539806058
5.795869712902959	0.08200473186475536
1.1939821920763274	-0.671455263556984
1.2753136850251465	-1.1567940327641082
3.9146996437644126	0.20385848700676598
1.4617456298219265	-0.2644408151066344
4.95864650611256	0.6700815488315105
5.160773884653349	0.9382743535058748
3.031580539914149	1.407790755881095
2.0987372894517815	-0.8284618915625964
2.969320631841165	-0.7436224709326852
1.9455645293727626	-0.7173473062448705
4.7725188389998845	-0.5410101681740934
5.586409534881069	-0.4590345246455097
1.6121208769470403	0.9054124947467442
2.7320510736762222	-1.3825313441020184
1.6555660447348863	-0.5688604134469594
1.2857315524554354	0.9460065585442619
3.0527691786701645	-1.4157511785973003
6.023761054396043	-0.4300387737835286
4.210751374816702	0.33237052409126455
2.1676251946518423	-0.7457703051031699
5.7165775683172555	0.8954608730446564
3.3274067249992	-0.8936128415760087
5.313138527439978	2.157169897270526
1.2762422148567087	-1.0020784444082582
3.6832890836552368	1.9902832098096193
5.689551810715697	0.5834522558478503
6.039320641076721	-0.5823917621409254
6.083791321940217	-0.4637597622881087
5.141659375071043	-1.620296506042059
0.543222657236516	0.4357529109348734
1.5804733946846152	-0.5496730987378609
1.9241701198523806	-0.4025465143700252
2.768149361670396	0.8834330097885115
5.823064841233131	1.0521095316411246
3.665992135365987	1.4191742817931892
6.142261758869118	0.19548193244483936
4.596259169122373	-0.31749230260411687
3.258033614577001	1.7858094534694635
3.97390090678182	1.4100101839334087
1.6263004185916135	2.3993739153151936
2.5380847990977635	0.42136242711750194
5.699557877137991	-0.17165440905825116
3.816152196496661	0.27602569153531387
0.32230666782664574	-0.07979872686946593
5.531983780288994	0.1333379548888208
5.247962361797852	0.5975432202134651
3.1439279094821697	0.019069040423409206
2.2286994605564825	-0.7967278898999065
3.290121544842659	1.513305443910945
4.4531950776282425	-0.0019036694290961503
3.101079420952498	0.8748106937042723
1.0365194343634423	0.14787181415894826
2.588867659623464	-1.353194546322327
4.240369604189313	-0.8253583945283126
1.1148623811746097	-1.1074550983340612
5.446191898201745	1.039487844709365
6.230053088374426	0.26011719723446247
6.23024872015597	0.9043380516285889
5.210230618999676	0.9535963208406842
2.4833807478170797	0.00216669728323121
5.000383437908407	1.2901944624551394
1.8892233076983818	-0.5740308499265757
4.334308727200948	1.0045793267708973
5.847924423345641	-0.0388818634291987
1.7646839864789787	1.3582178039337953
4.011862319696853	0.4365225014971425
1.0161308957102646	-0.010596304650707284
2.369265740529704	-0.3136657246057824
1.9277317154794877	0.23348737649314344
6.111049794737836	0.413963036998852
1.1303337792130508	0.7942313461820952
4.84206341619751	0.5178607297976804
2.507948195324353	0.5958874789564356
0.9352829142059687	-0.07392836264932412
4.819715563081768	0.001545792985321141
5.350300567347958	0.7122722186134833
5.790918855196172	0.4093407688896688
2.347367033951926	-0.9373967982890054
1.8450707336314718	-1.1896902079756557
3.9977839938271647	-0.10614630629643895
0.1325532534800511	-0.443296377381475
2.5867058431780117	-0.013769807378722628
2.91691848282408	-1.0811012328399328
5.785817666317556	-0.9911393610350739
2.8125868156693556	-0.6432269930894655
3.0053329285405033	-0.2638555451279349
4.299709438706092	-0.4994535626011393
3.306208946083066	-0.22604948291897353
3.6472698725654435	-0.2804819417088209
5.208988030856299	1.5367617946277092
1.2044599047249127	0.22348394501658528
3.433803519997002	1.1285528644376674
5.56364537074838	-0.1992816849303443
2.0943647910738905	-1.2306007762036113
5.856105376722465	0.11592982968382035
0.1894463737123137	-1.548571849619845
5.816847952467337	0.7389710253849484
4.916122649453024	-0.2695816435234562
0.7235970789998563	-1.4527459059873995
3.6879069459952216	1.5386934704600652
3.9139219386557826	-0.40583525637364043
5.852747910612538	0.35828877921559876
1.5281440925147418	-1.5554017548291363
4.352918797449338	-0.48165435077070423
2.545801258358356	-0.8533679762636573
1.3728312257595476	-0.7981076726898884
4.513517372652794	2.4042315761693986
1.5984415981637046	-0.6769626995888658
1.501320566066907	-1.1138021148976465
4.940525142535164	0.27212130812079155
1.5009218117238818	0.4333489980927666
0.15886148445194692	-1.0605424700617843
1.234294996074615	-0.2025931618477582
2.817005189793411	-0.8208740853713637
2.9017909469357477	-0.9531953169347775
4.098753627349589	0.1934046647853938
2.9862182768129557	-0.5364317538100639
4.340230641107228	-1.2388794705047936
1.0441274704130041	-1.2997279051387896
4.718696467466212	-0.10055818133298294
3.6289410404900853	-1.3109731455160065
3.6963523220765926	-0.10966474964448271
1.8641271161123492	-1.4414316623566585
4.732810640605196	0.13517780751462657
0.7486464522669513	-1.8628175191969936
3.233490029473245	0.15401185316053362
0.6925420242428197	0.02369131177150195
0.4639091607172281	-0.1254632702336007
3.5077241734790303	1.5838813814476815
3.8339153001806707	-0.223082943778016
4.235015662929172	-0.6287392558091824
1.1233994590420977	-0.04046861513138663
0.33021977779162137	-1.0854475598769178
4.6789061562032295	0.28557419586736504
6.12890484097921	0.1850569781286657
3.1054994602464925	0.2915072672904129
5.531758498293226	0.3144116742853941
1.599154639518325	0.5680848460330054
3.2321559636017536	1.29323000081051
6.119900357402218	-0.22211709709772967
6.124284127908062	-0.37941240073404575
5.937754403081851	0.6079605861612115
5.406679246529022	0.9642896415402585
0.6235959642248913	-0.13036150258271165
6.054782225204606	1.4731537541750612
1.0466541749625469	0.5682918131161802
2.788578906362881	-1.291380218558271
5.395498561195869	-1.2567476599823146
3.8231612913379855	0.6736382864714203
2.556317020992969	-0.6108710614542447
4.771321646481087	0.3865053474675757
4.435089564474087	0.5596681659537964
5.369391668981464	0.3899548114538167
0.3209346510802966	-0.7770659743208976
4.831509833754356	-0.26040608220862876
5.4537641994524755	0.5651183100547477
3.0031818443799327	-1.7599546727882271
3.045411599269445	-0.4882083271013392
4.618227262915402	1.1820194653825167
2.797203577134746	0.7409027116580248
3.2666109775956493	1.1500774605975206
2.6602079887747814	-1.1004182101899906
2.703896185912626	-0.5289119422305881
2.6376804283149617	-0.27413493429039204
3.694809233775512	-1.1703732391610773
1.3462580367697796	0.3530455991875418
6.167571529849772	1.112547356760345
1.3706402925130838	0.6421102231688989
4.8890734865753265	0.15835816510801054
3.3538913673280906	-0.12346258623219915
0.07305353165250494	-0.414665873972423
2.633318619317499	-1.017700186296252
1.7620971364766245	0.01817217778705514
3.9942380655166065	0.7976118068386029
3.5549829538478193	0.003477485583797406
6.175924041986392	-0.9272553904844156
5.347351344642622	0.6963357111412993
4.973620159487928	0.42389748137832933
3.7042092697447653	0.36891311308482605
0.40562578995206966	1.380501304192158
1.6309468867678785	-2.2194224948811128
5.861245249497794	0.3832628566612804
5.517582961384524	0.8601159978762937
1.7825240835205616	0.1755364735550512
1.6301133463552997	-1.4759952347500502
0.7145855361862967	1.0157555638945905
4.721980429801005	-1.0428812366932507
5.18496074826603	0.6359701848150956
0.9481283852117119	0.9950588068029363
0.2948501005554025	0.27529481082022833
5.742870941488437	1.7232394865229157
1.5988105841397031	-0.9372588356787084
4.954224284676869	0.46915437161343376
2.781120617178229	-0.5336031973225377
4.534504081474228	0.7159976267203081
0.15437766391661167	-1.521666082471653
2.067379028661034	-0.8479178492717696
1.6836449402388338	0.5066155003946512
5.6789214274422655	-0.26958164847708255
1.8414971000625329	-1.3913455306800062
1.8834347471206065	-0.9832056183757386
5.076387410019381	0.8102368442570037
1.9214815919963033	-0.4911058732770739
0.39448881470438213	0.42865773648489314
2.5701089278537843	-0.9300149670385669
4.463063235814847	2.064873838719754
2.349427408893357	0.6716375847512781
2.3305217047985014	-1.7020727586238276
3.9425647544186173	0.06901719672465087
2.992085622596237	0.25452907120407153
1.72268949507197	0.04059365853163769
5.555526028570709	0.5776053550267788
1.67646144039219	1.5453854088675296
0.9719140391340747	-0.5805158291004578
5.51055692091358	-0.21211366718346905
5.021312538320933	1.788986188867294
1.2783700530985973	-0.3319478525173928
1.7802460516676861	1.037004219896761
3.555834929382192	0.07246665168004997
2.6016922481162696	0.693714124023237
2.1406792816717064	0.35083794829348947
1.1168209904793658	-0.5535410681487372
3.250771571358178	0.08647145401727264
1.6800718124714802	0.5991299804511323
0.8605501344127502	-1.1834811686546176
1.1480872245561118	-1.4218387427150485
3.0296078095042915	0.4652909795576139
0.6606661108732654	-1.3591226243888224
3.5349902888303397	0.6028805710097275
2.556598763874046	-0.6070295703373237
3.4193617013266184	-0.6451634743968457
5.981311096201886	0.3539587387447037
2.2226965415315227	-0.6897464848499562
3.023306875338667	0.5172195026452033
5.3834275096088895	0.9927716700213688
5.755610814271018	-0.377595269789525
1.6807388890963182	-0.5238219593377408
3.0119899011339446	0.552339144455122
1.9915768638950926	-1.1547136959989368
1.0391158269771816	-0.4039525281641164
0.7885290904171974	0.3218533570549064
3.815182571442765	-0.17970556947116445
4.248174626233985	2.4580527178137754
3.84468471726759	2.0731387082146986
0.8491730554638179	-1.5152332529947674
0.37978402090652713	-0.5536140695805297
5.876861401613214	1.3155779271148271
5.838660846997705	-1.3488180495801727
0.8370915217567424	-0.16792892262469822
1.0522121568184648	-1.5987212686242405
4.512652634213384	-0.0054392511488804175
2.271353379979093	0.37905420880778934
3.9416444513123885	0.06536082031976206
1.4273235713735257	-0.5364397916549705
6.007459654377279	0.9001707730870075
1.4102667008048293	-0.8809767852915176
3.3578346969002144	-1.4879647286672757
1.7483850487029269	-0.6986490656249837
5.699315122687938	-0.5663020035198463
5.3561816999798655	-0.3084775756121379
1.410697678505577	1.7669458894322199
5.157741740807172	0.205488882468995
0.14506380969668697	-0.32102531374110926
0.5186069107075647	-0.9998648259691836
1.5325042144845469	-1.3582113361344366
0.606489819827396	1.3422155808270229
4.815313614632321	0.8780194670779689
0.5691926506159266	-1.107957578625135
2.5490381145402554	0.5930666982633996
3.0311265699249152	-0.7018736200607495
5.271141794294124	0.44915329069344917
5.443677994801024	0.9221118045845856
6.011682088442138	-0.3300681010077707
3.7331574721639464	-0.010135889160383835
4.984313419212477	1.54024547656855
3.234867911310533	1.1177583108406464
2.846703965856207	-0.1255890749498593
3.372310278887803	0.00963205431081685
2.4656833496278985	-1.5520352658817256
4.943233925290203	0.633233475025154
6.278145624597354	0.6294481289849507
4.2971067891344426	1.3182417069820123
4.673713319844225	0.9006614776272724
1.4867445378897348	0.5864773898646088
1.6164604221233008	-0.18902874464644162
2.3820944286175494	0.8429699309361532
4.059195963155627	-0.8740369730412572
0.2698273398851043	-0.9395796066083373
3.026736579139495	0.5138547372410517
0.23468758458497696	-1.217382282543764
5.449601737792305	1.8916522055352638
4.35538295653916	1.1955683075646861
6.259508403100065	0.8730424235073468
4.084415650107003	0.40702374511457773
5.992763611128594	-0.037965223522013015
0.8697024034939309	-0.43087056943162755
1.5770078035027364	-0.04427414141809167
3.4248216017368898	0.23072455298856856
4.391190553271759	0.13335693190775982
3.5662187161723047	-0.5325843405855091
0.5773768892250413	-1.5246966380736895
2.9866575436269263	1.454864806968161
4.486708475061997	0.21474196074576388
0.7626239774361343	-0.12208412080137131
2.38586250725165	-0.13925839497129858
1.9548798805713794	0.6331633698410244
0.7932821290529992	0.3017349274650143
1.238934317646549	-0.026959668732409063
2.902291675949148	0.5732286646305977
3.9170289445125785	0.29072936431235336
6.0814352136755945	0.8401659651703942
0.0882987220727891	-0.42855730390845137
1.7431836721155385	-0.7460360461802532
6.273818553247914	1.1434145827296838
5.960489857637612	-1.9253829674948748
4.5700107729649755	-0.7421105015420191
1.5147101895156005	-0.4757339891994888
4.127821869225627	-0.06362148716414685
3.2588139440915604	0.3261294048476888
4.67157166417815	0.7576593425148224
1.0911588058815687	0.0875121309749436
2.8827034175846906	0.792498600428263
3.3447917747431486	-1.6073434602565209
3.193306392116856	0.03458732515638597
1.234049961284485	-0.00445786382778621
0.4197428739799367	-0.747788521686424
0.05302901304270158	-0.12748175222892516
3.577043252224656	0.4420732786836222
5.218675565983708	1.7103058602580596
0.7943869227353222	1.054038263771545
4.287613578028399	-0.06782743170869245
5.3247738932379205	-0.0853522044257431
6.16869930333395	1.210849904881444
1.4525267205291073	-1.4209500088142077
1.6666458121374106	-0.8396183100701159
0.14140816417543345	1.3626845135714636
0.6107116215214683	-1.5985810827256668
2.2698520170285317	-1.1261833759261106
1.1771346250607388	-0.660795551327695
1.3359653316063724	-1.3397051670363134
6.019811541651185	-1.2103723532617094
2.625541615056833	0.004234422689673724
3.082648345958061	-0.006490737691554312
2.7018366714362183	0.9657134319755661
4.049823938214292	-0.8663260715992557
1.2804650388711507	-1.7952089906284288
2.4538228715920356	-0.6846292504248747
0.7938911910613605	-0.9967804561930201
2.6256679887976517	-0.6376628659734405
5.418429543913781	1.5326747813907151
4.32468920833702	0.4307172377753268
1.0950596883404522	-0.8384266246196683
5.937572127797921	-1.4119773158858364
4.224254369869839	-0.09103022917757288
1.0496253960877326	0.332508421389419
2.235915802394553	-1.5270099116888978
3.602484102184211	0.6333035822226121
4.431770484074065	1.2882392931119342
4.69547985249005	0.12214107627855257
4.705284051952747	0.5841641202760578
1.1174688080827337	-0.9672687394293785
4.417483206420057	-0.44489039117505447
2.9789744591108196	-1.0188616872178575
5.995204653828299	-0.12187382302047868
0.1014946038010419	0.00023877627448146835
3.249636204817836	-1.3615760752298047
5.658963953446916	-0.28415319799309313
6.215796169805164	2.0244899480207237
3.0708314866527946	-1.2462630927619385
0.43699514774370035	-1.1437081582451898
5.564719052120814	-0.49346905470282854
5.383394837389415	-0.2482624684046355
0.36200377088490043	-0.5708584460307474
5.369083567928	0.24074871790169977
3.2840836971501393	0.3032771068551603
1.5276848545588253	0.55794705864104
0.5623427040536075	-0.08773557203562038
4.572725070091947	0.8933711567245278
3.3585096877764116	1.5805524751590492
2.621086124852882	-0.6743947840526544
4.127082460619255	-0.05030266436858414
1.8707150702392266	0.36251082689644
4.044909608523126	0.36454370052790097
2.4479816330255932	-1.294771673252197
5.559169014731856	1.4360782611170042
0.5738262626644783	-0.7470875296254985
0.4859755032786479	2.003390133510244
2.9028096677826483	1.4084592032801644
5.440260420236235	-1.2013996727230523
0.27249536357098236	-0.2512767289022559
5.5404857655732105	1.8635424394412448
5.324099224655489	-0.008804006660619755
3.358224135967559	-0.681895386126331
0.9283560498751591	0.2602362653383746
5.827946645304137	-1.5538578523022686
1.8670601387800456	-0.8839209338584219
0.7717323909940399	-1.3999903740074453
0.34621337431680477	0.25042239731562527
5.006849640593617	1.5966752473378776
4.985220547849381	0.7773571778593363
2.1774100798358216	-1.1471429958652162
1.6055591942609013	0.23640258087654473
6.079354071350755	-1.9035120785054402
2.7054117978893455	-1.6559922130166675
5.7792307200327	-0.8797850942656987
3.5887211743574845	1.2913937713245272
1.678977339295816	-1.7773337132081155
5.567223882169876	1.268120855468728
4.819522795754326	-2.4840726340076635
3.689184907506342	-0.9038991825056258
5.1733702828935275	0.9880049183078072
0.8293034635933054	-0.1440952352203113
3.1873663660803953	0.908863057049089
2.8962704046886714	-0.8710928020954317
4.0675244799521515	0.7707678731774599
0.34281758728515754	1.5506201474239152
1.1313736036674964	-1.1482907801127211
3.5380685237467855	0.8607951555359686
2.2474679158429822	-2.075588110093644
5.568117158484321	0.43681975663794503
0.015375060288559256	1.2947151451138312
6.062041732921044	-1.622059138754874
3.2186300780405923	-0.510226708747164
5.096880986331201	0.779137511928333
3.3428476437339842	0.00871245471735974
1.3710265131373163	-1.163417750383377
5.987870562093018	0.34934943960762466
4.209355786775239	0.4070560370510638
3.540161393628781	-0.944987078960735
5.368205068851294	-0.7823721411244445
6.080752811291732	1.107378783728093
3.108812382637782	-0.44726769891019913
5.999283076551986	0.4798896047651585
5.572647097813382	1.4429734566443697
4.374718821969125	0.319095501541895
5.520787397941952	-0.2995696281399977
1.5878583627120713	-0.7743184190981323
4.47380363738942	0.7163885966313999
2.9117709383423147	0.5069220667077176
3.389965786708583	-0.5678632732331702
2.1632878342482345	-0.6485404467722088
0.3109319502695831	-0.19956353535350693
4.878237221626976	0.9276059408980304
0.9265759077014701	1.1494681876255894
4.188696201519992	0.12965819258970526
3.20399507086384	-0.3843086770047754
4.3690678853947436	1.1869354584173883
4.107438821700854	1.5943131947839388
3.776697222667206	0.8063800711959528
5.21322205790585	1.0262113794870231
5.920172134678825	0.2805777485344215
6.14493863924796	-0.04479220570169884
3.8779566378930594	1.1299992247435031
0.34973975600680124	-2.109063554298968
3.251255750191783	-0.9835048243093788
1.5954215308660498	-0.7654943630092419
1.4298372964150943	-0.5240230676800798
1.9867723462190963	-0.6474199417335121
0.01290224855370159	0.22154054083630945
4.2302649169302535	0.36097479821200534
4.544279944338516	0.668276429258178
4.995699450864603	0.5574853722734361
3.7079303547011353	0.9596106905216792
6.20525272555117	-0.2972585629796634
3.010273071046112	-0.02581346296174212
1.1740814641423383	-0.5310963242408291
0.06713367189939845	-0.4776635301831129
5.759968833475536	1.3384649095014538
4.967741613006688	-0.43743461195425787
4.8783428542389	-0.3632252571005137
4.946645801945894	-0.34349693603993636
5.54125422738164	0.12247046081219402
5.244451250791851	0.26941482403867933
0.34911202288101784	0.6082363745321934
3.7077032045490257	-1.5156116985117014
5.316034701733592	0.5464537535751066
1.7397198117471318	-0.4329413357546448
4.581461555556582	1.5136327249705053
6.192836617048243	-0.22491641345204647
6.080990608856709	1.1006720055034325
6.083142333272168	-0.7036615742300438
5.4704354168546265	0.4323665065276079
2.1393112672010814	-1.1058805247255432
5.849664993328872	0.602970827188433
2.2122351243797187	1.0822776129404
2.7802692372372415	-0.881427052748225
0.9312460160682055	-0.5790432103141467
2.9906132367801863	0.34116692607120064
1.5838584504999922	0.34636227760766947
2.0470368962487075	-0.23565816625329467
4.434234728111164	0.0741676745711378
5.543222642606596	0.6462888603956394
0.32792107761792266	-0.27378085889813786
3.4807687046385745	0.8574731222181995
4.599809599219995	0.5409073454466641
5.0909199196739054	0.5958798488517102
4.609839969314928	0.39262905248174595
0.3491093357342212	-0.766286698744773
1.6178425966414318	-0.8683684511104418
4.513684064502289	1.1442708870864386
1.8843296721561256	0.4158677375074974
3.974283916746513	-0.23453484394605975
1.7062845510001239	-0.429430958449922
1.7877982039939955	-1.1503219049026385
0.5387956736655806	0.641233930875516
2.8555753767582073	-0.22196769827038507
0.8330389214982361	-1.5534535547630721
2.7968431026603575	-0.04960820167630318
6.2206820996779415	-0.18454707952762062
2.9548598870168963	-0.23074363914735996
2.413603712755478	-0.15309410549123875
4.634174480138497	-0.1795623515538969
0.9551240107348502	1.4675063550505605
2.63107765995791	-0.22365267777590617
0.8247954890715468	-0.17963255659029487
3.6149519019795315	-0.8172573561638833
5.911028032643425	0.6121680011339609
2.8889008325152243	-1.761267848267928
1.808280665428194	-0.6378771246594567
4.420171198246576	1.3218257248245504
4.676567111103514	0.8391489502802233
3.1434502631338654	-0.6993160231581195
4.9841411094944394	1.1999115584293756
4.157091606463759	1.1705344419212722
5.689223113662603	-1.066917549699847
0.0017271376997553631	0.30190147044253945
0.2637436089046563	0.3033808958880954
5.915924188055037	1.3013577496973079
2.6894216547943124	0.8304783685632477
2.2185618867304573	0.34705911411879864
4.989938484372145	0.7478419925138814
2.547942072223117	0.10626531636030366
0.9424961710059692	0.11077403510925261
1.1741762467339178	-0.08070563823906711
4.247355955546293	1.2355586258340934
2.5798911491197343	-0.31452500352120283
4.22246404361759	0.4040521390246001
3.2634291037703402	-0.45471800200004475
6.196341692268775	0.7753874528572055
3.2143145776331314	-1.192668563552756
4.233058964160817	0.9014907001433791
3.1947018119297703	0.4437147818131274
3.4666902416678504	-0.25415043472386384
5.038620714409422	0.18798586123385722
3.536470158211392	0.7499554578613455
4.438738448093808	0.0784380679629589
4.818950115441301	1.0328775883854864
6.0742907650925	-0.6947368643218206
5.090584245777094	-0.03766145659311073
2.52603975681913	0.1627652078232665
1.6016695975289679	-0.0585847319450691
3.1331895532036835	-0.04991953854204527
3.7396428346358386	-0.8969247246597373
0.6672385140998562	-1.3545597556556679
3.2780219993417035	-0.7395422665588802
4.864113881176728	0.7233258469041748
4.867004020601912	-0.0012394574093061229
0.1867222410115783	1.1052988972789777
5.9280962680371205	1.0651431017477637
4.3147336385897175	-1.7866218878231603
0.011609617043967013	1.1267857754708235
3.4128026362497916	-0.7007250045182217
5.048190022931936	-0.044494983169745726
4.382512839800824	1.4500750373526217
0.5342095635858497	-1.1007329330016993
0.9105700569563027	-1.763232887581203
2.2931835073759963	-0.21469914131253026
5.592593939059987	0.242442729693543
4.1318012750594555	0.6516090107916819
1.910145228539463	-1.4071849725809815
0.36727105357011935	0.10732205080448551
3.8509319738750687	-0.625063053158154
0.490809810931669	-1.3649861486767747
3.538086039564117	-0.8725494847503361
0.1786610175985226	0.2853460164953584
5.665758401399526	0.7355134712169056
0.23729616629439754	-1.05726607670671
4.514985832583072	0.28372569775237316
4.477615712828154	0.6169482452730713
0.27801988884331824	-0.4071650986089936
1.5380249223228928	1.273600942321177
4.469390364586823	2.1140544435745015
4.068318138062613	1.0078682793617557
3.408049277792258	0.10302467965255283
5.638607359753058	1.476563747590093
1.5650862862715604	0.23391843226307865
2.4461378703447823	-0.9044627547181371
0.23580974638702124	-0.223787026602153
0.7036379181908827	0.19996214427260658
6.0061033423935895	0.2973223049816455
0.9699102970487079	-1.035990550839565
0.8717259141505629	-0.17454335924451675
3.56155256087058	0.8957843526703166
5.442620428443479	-0.06520691390137809
1.3247680165344944	-0.2893809526461653
2.1614797544399806	-0.6707780548553195
0.03130317854530443	0.45062085264003077
2.257488680046663	-0.738404555680566
1.897426518495605	-0.1713245970409016
0.7729994277276209	-1.0722378884203445
2.102764244928165	0.6825026488732326
1.3022010119278313	-0.3880569627819061
1.7125850075294782	-0.5777660189364406
0.8492191669231298	-2.224891009021305
5.324292104293599	0.34402892617367536
5.640378730255778	0.9529404105401185
0.6807704185130607	-0.4691951129728261
2.66712748260947	-0.6004901517088955
5.394970950449418	1.3582217397325205
2.140147653415191	-0.9025915838242704
4.122745622299475	0.4541011256234117
1.1731142225436777	-0.9890525229779238
2.3347454940604386	-1.053812924622094
5.286218986044276	0.4679539870794897
5.299510008016349	0.05755460601982131
5.516840317644901	0.19922223222976562
2.9476343065026374	0.14442497675428217
6.089359774113472	-0.6657282360473595
3.8565196162875193	-0.3532542168161779
0.07685598481748909	0.26241309193157086
3.798791397106026	0.9424313553834373
5.6231708763320505	-0.007819952484369664
4.885810016470018	0.6320045540044629
5.535670972419792	1.329560663493024
3.9433359681687077	0.24658125414431128
3.557412768022353	-0.6655917521760977
2.0897983122509203	0.11214713793105004
1.007177932389749	-0.5993300635287263
2.379257702542093	-0.0714202554701617
4.882713020298198	0.3217142312953373
2.75907980343122	-0.4915098125248976
2.7764183715385613	0.11733343005668025
4.25193696658588	0.4752557386537355
3.660900580694136	1.363544516634006
5.398315072591191	1.7356608714889714
4.6241481675974905	0.2957145406420372
4.347386317388789	0.48535535320251927
2.9103150028006635	-0.8444505504310134
5.100028483129794	1.4422260071963882
0.42764765358229084	0.382721384976854
1.0460714604082761	-0.6000807076616579
1.7888790625340238	-0.22298278042906314
0.9903509285249794	-1.1718692606278303
5.5610744236567085	1.5572797649742856
1.5439187177753873	-0.9098933503243101
2.887237708425336	-1.561455255503762
0.13354223201869656	1.1470851228569625
3.7787480918224343	0.05270951940744648
3.5067794292054115	-0.34335932415438175
4.773088663317457	0.7749687559407498
2.8273593284991985	-1.171732788817816
4.911722839099857	0.8927521428988959
4.623060338439213	0.5929026415898542
3.1792728770539416	-0.7895168096143034
3.5633436739122986	0.25306411982902866
5.90898794704694	1.6001349195847636
2.911507304165357	-1.03394502538238
2.862818460119497	-1.107305952886519
6.175270325754242	-0.39264168618022804
0.4069063750386877	-0.7556841392107102
2.223691355500843	-0.7210190943298034
2.0300729728450753	-0.025232508656778157
5.24083461364488	-0.25754205827643034
5.818660270720731	-1.2495266878889721
3.5261531269489748	-0.4224697418000227
6.111889779018283	1.4618710707818163
5.087012122515797	0.3283375239352501
5.734822184763376	0.43011571785678937
3.323369900807971	-0.6857494230454331
2.0081372633683987	-0.47621400550112764
3.444569707284541	-0.5134990817791151
4.8398458271165055	0.13613462282026872
1.716568756258667	-1.142105362092911
2.506743605820045	-0.7205488301739036
5.6820942688897205	1.1718536344417605
0.18720997432954967	1.0210338254282032
0.6957999305303422	-0.33909896800260153
6.2533377304988225	-0.8323368887931706
2.7367316222171403	0.882239281579091
3.21773681671609	-0.8720404501284341
2.9714904985976416	-0.07118384843699509
5.848533854026433	-0.8798333812292822
4.510933181330723	1.0247959143340377
6.180235869003944	-0.20729117505281613
5.46199078700189	-0.0678248330642099
0.5250294680981545	0.02676505920261519
5.758732099751182	0.5122100605435376
4.062968305301993	-0.4353683727053535
1.3845305015021694	-0.7451368287880319
4.054113355101673	0.19955284864286227
2.734411322933695	-0.7673063410832892
0.8576703935101966	-0.26184160003151663
0.172319085314593	0.8620851765780067
3.7471436195564074	0.720065976783637
1.0050403571500643	-0.8367707975453551
2.2121044936707195	-0.7954548919109389
4.56967693469016	1.7950854646303531
6.017887305822917	-0.20917222874506178
1.9672233112209447	-0.007295366324918036
4.471819582945274	1.5830644009420876
1.278290705977808	0.23918923167437975
5.352774765605945	0.644488114495235
4.928770143563741	-0.7436588609850459
5.657482147390274	0.5359918954681974
2.3269395024496458	-0.7934394947095265
6.156174357315428	-0.2957004862693352
2.4644858538423016	-1.016007896723984
1.066488998373413	-0.748898930161394
3.5293871972960202	1.0227805022903305
2.02571566486451	0.04073856345024741
2.242579651737989	1.1626499322461177
4.283923986293494	0.32014152842936405
4.434485533005908	0.007215586467700639
6.224983045422028	-0.7241093930738771
5.974845345593679	-0.6985136872505117
6.192481142708555	-0.6141352098060041
5.153128520748653	0.03704364609491488
4.4023113781234375	0.8761258662536863
0.3759109045089383	0.47022236118520994
6.117392256979592	-0.19445973755326607
5.369079316246339	0.12331996356507424
3.66021588756845	-1.5480423847498905
4.728196649374421	1.350173911130437
4.010112190567124	-0.3059020148134328
3.2083660267103795	0.4150307114189907
1.1792617475106706	-0.7059529289955349
5.891821125970737	0.545065609948141
2.117017232420679	-0.3164489980924337
3.411756919401343	0.2215136719382721
2.018611106118194	-0.18868369857654957
2.2875748263570745	-0.9175600272545616
2.8914456901790455	-0.15937911860941167
4.0555043902315555	0.6371180406781555
3.991935159894732	-0.6151688056481553
4.6804304672542125	0.9310983918222269
1.313903348641598	0.6118853927163779
0.7486129441123568	1.4489016254292664
0.280575977663186	-0.16952557959232603
5.876414677170319	0.8586045896939439
1.7126612531908996	-0.7209056058170816
3.9665994855181133	-0.4161780219313662
4.925689130846323	0.5321822755244898
2.802035789280394	-0.6022854657677841
1.3770004056722787	0.37604693753628904
1.5966772682352603	1.5097804104713604
2.6226749028524665	-1.401653021792855
0.020411421634442206	1.1937048001063035
0.8220811043327938	0.27097766708750265
5.736438046317415	0.07485726711624574
6.18130526031466	0.5971329710354127
4.347895988846236	0.48071568590559854
3.5467036139738144	0.6328458452780026
2.263208277732895	-0.4646407229428239
0.6641763952139741	0.234797532718289
5.816470874744729	-1.1129461535501577
2.966881391000057	0.2867313830537198
3.175537591934672	0.4441350329964021
6.104980489266959	0.665221052779986
3.7958880207619337	1.1949063498270946
4.862864985377181	0.7172216778848155
2.411622712473008	0.7246577733297834
1.5538879433592383	-0.38995320117889487
4.758725826428199	0.37980395280539725
4.769754607109625	0.883971995889699
2.6301809123557547	-0.4753655196906664
4.998716969043687	0.30825643037068484
6.16013421324257	-0.48909949065265906
4.030373495775052	0.3168892274919044
0.6375529818504452	-0.8217235303785506
3.601508769963292	0.08641987172674245
3.5566894898122063	-0.23763677115385645
3.116000715979131	-0.15562526361284543
2.8500946963159883	-0.05674056966188267
0.4039777121247895	0.49896262354732057
0.3853406850798322	-0.09271053069559337
1.0651443606556468	-1.1436873684751923
5.105345643889315	0.9746163026650884
5.404289074562593	-0.20532920765535967
1.6929210982678216	-0.6864110747086102
1.468845480427166	-0.10441711680012572
5.7791008764630565	-0.5189218595597745
4.94926707070998	-0.3821052099696097
0.6744065486884523	-0.40872298376248634
4.080209567180127	-0.5203606552269249
6.060770943952878	0.5079878067192375
4.101919166102999	-0.6136863508472048
4.812010320057604	1.1190847414808416
5.184227779608753	-0.5328520464486994
2.7923390734525935	0.6523908530614959
2.0438306860971105	-1.1807037506845146
3.7668088594011877	0.5759383451876956
3.4685782707180697	0.25574028824399575
5.636203676796558	1.2230706386581267
5.193283130744341	1.2785297709501486
1.5338281380479053	-0.6737888858970161
3.5380227983868306	1.077621176341878
1.073435148207496	0.03135313509396877
2.290274000380205	2.068430092016526
3.187975701317219	-0.11841269919682447
5.467705283788873	0.12997622618928864
3.954674119305658	0.46560865476705543
0.936182638688742	-0.35843043723479506
1.9683322085308619	-0.8759400658083503
2.866196351959923	0.6963396038334929
1.1599549658881103	-0.880387274168141
4.507112145775395	0.8113126733878918
1.1978130054891158	-2.307348297650454
5.085391758988791	0.5205445961218415
1.201349993312121	-0.23436677375706472
3.7394282889554518	1.6558873742954667
2.750515112703498	-1.0608910693808893
2.727841985731409	-0.6653522974060098
2.069503714560171	-0.7756819829140074
3.8056162580189747	-1.1706321330439533
3.243561757214656	-0.03770919195467014
6.036795331799464	0.5510863669082376
0.7912004044564291	-1.5774850883118874
5.33401783868022	-0.04915417847263422
3.314103927430436	0.08524267485146823
5.0863549424370476	1.094952167681475
4.080318476169303	0.863044026074448
2.408804584179439	0.7519949459116438
2.5181906130847977	-0.3243570746666604
3.576683515786544	0.4532480745726225
5.689553864426454	0.4546868705287518
4.208278736961747	1.4460843687471938
4.169330046841494	0.6769812261915404
0.8004810653943343	0.6009211113039328
0.3956921236112043	1.0228814571993168
4.486662600008328	0.6376104719050925
4.055851568702245	0.9270705693717319
4.323313897077745	1.0728345629713298
4.859309587798114	0.6359891693409399
2.8511065023896727	0.7969640638216121
3.2100690161204994	1.04653234445893
5.558016659443677	0.5519028242150386
3.8644185526150556	0.6913516219194837
1.8465271946827624	-1.6625951481419687
3.4253508922596003	-1.2501011722406181
3.0736961298787566	-0.3817246770440105
5.016917133182739	0.1316056393841031
2.5932776264777857	0.4670765168094457
3.4330779246450316	0.2962803413248282
4.9634475751751275	0.9076889701676522
3.2068430208563465	-0.7180700456580932
3.3430074836162174	0.2146829491044551
3.21914025901898	0.24333957391838074
6.012882322559104	0.42725323108556945
1.1321612122186138	-0.5994746715011577
5.092138330038749	0.8159339471018813
2.69860976478026	0.06305844937196572
2.0035989408548076	0.1879771240985776
4.7708960145291215	1.2983204917231337
3.225695856487695	-0.19121865176378994
2.5235128477516326	-1.1073561880599534
2.5979280863165215	-1.377508810053162
3.3504774090201885	-0.9597678391640414
0.6034825850111556	-0.7950931475523391
3.2429558824410645	0.807188962985629
3.9375569372222725	-1.475318044660515
2.6478566440419575	-1.4235881153211682
5.057580585336506	0.8142522228626163
1.1122462608642056	-0.12119154369435235
1.7109673314127227	-0.8808612133506486
0.7980960079388382	-0.19034415819714523
0.5129497276994428	-0.09065138581192049
4.5305650974236205	1.6619098360533808
3.1390634136246374	-0.22579495739895436
3.4686221127218944	-0.35851684473347206
4.173828336241586	-0.44004696031256013
1.4045897058973669	0.5165192931460748
4.235406881519945	-0.13215640651278687
0.24201423980760062	-0.004546970135003726
1.4570105919958136	0.6132522245494257
2.4515816878331838	0.5648184965482018
0.71121880779267	-0.8057889324519519
0.6766184646649593	-0.7157828974111846
3.9376875745400532	0.6871809360804771
3.7263812354025596	-0.036567049975985436
3.9991379743184123	-0.3508481738530066
1.7713089832476747	-1.584092144278433
4.8493807662056	2.0653224779970265
4.228960743794731	0.7128777240459958
1.0413725779788745	-0.28391544088544646
5.116133065013619	0.7132813454013769
4.49054141490552	0.6723144721783333
6.026292794294452	0.5467231028218634
1.7146391216783927	-1.1975640275364117
1.5845686343345102	-0.016520864420583224
0.05224949517755376	-0.784666439196822
1.352228196637423	0.4917642739766051
5.988889700604871	0.3953676837948027
5.219964523942366	0.6552953938427576
1.5802218247120727	0.408350616198229
3.8692796152501896	-1.1658802947874303
3.61376547114825	1.6857230852378489
3.9314578232727726	0.2622841833507225
5.641652497832551	-0.26589598213048105
0.6290219467414255	-0.6404706620621706
3.7667760685494405	-0.7702408249457862
5.750933573483074	0.20707584425612782
4.2099681407521174	0.7009630121280064
1.1403014510857	-0.8128863823101515
2.1156558348783854	-0.6243767193514186
4.371633604112638	0.7425220424953627
3.9696334439904124	-1.1095038854704389
1.5407589590689623	-1.8007285896468712
4.782712059970384	0.1125493850782727
3.2909664015466227	-0.38996195704464626
3.4944071624588915	-0.2918364334873108
1.7684697934743738	-0.04737145818869082
2.9324367847521557	0.8247573446409117
2.182376873049222	1.6405913241369698
0.04755953537361839	-1.1023057399083112
2.9321459446202187	0.19695771001195736
1.3869488551994669	-1.1109978310608541
1.9607359815904462	0.006886186474167054
4.540017515639628	0.40305526937338465
4.289174166342165	0.8493396749085782
4.441093250913236	-0.7514306034498078
0.4890123218231146	-0.5790148868025057
3.901123273011741	0.5263063560911223
4.544539437700404	0.6272160747350737
1.9887044052602363	-0.13707652159259395
1.5832120846556519	-0.7931254580183598
5.507095064887654	1.004982359945202
5.985960089967374	0.7071425316916305
3.7770179323265634	-1.1524210780347066
4.730391143730168	0.6981109253446386
2.555926216412843	-0.4059200944577659
1.7576646510082377	-0.5454009429864898
4.636623303029854	0.39898084879509277
5.818527609540059	1.1297274135573705
6.250092981538024	-0.6065171874487649
5.894518574867508	-0.24504855259578087
3.1131880402111065	1.2728073327667626
1.8681983843158445	-0.6638306495332165
2.9759119413506374	0.5708533114706862
2.2065468014808545	-0.508187937191446
3.1095759221219623	0.11227775317899222
1.8851645291727221	-0.5797618484956207
1.73139102886525	0.06365638762934837
0.28609823206134344	-0.3386243169293215
0.13535496396306226	0.9303526326822092
5.3311999128658485	-1.0096127748215977
5.573764940306672	-0.9215374821094753
2.9665431584289594	0.306491599606327
4.731392174570601	0.345402279492109
4.17726391294595	-0.2937378297771841
4.776144834589123	1.3625803040704716
3.1354100477397875	1.020193521825098
1.4755247224615202	-0.5418018738061046
4.212630915594151	0.02467780676381478
6.004131706599484	-0.46330145424010044
0.4606475078049215	-1.292920542059955
5.1113160507058835	-0.6159562489960633
1.723502789913164	0.30975113468870036
1.6719563341454577	0.21142188773200352
5.949688649624489	0.8335173517947878
0.17947709740332576	-0.01993705434014494
0.5660109377886142	0.5356096126408447
5.919229148976683	1.595840639581956
2.4629796469773044	-0.38224970821061055
3.624741046973126	0.5265184617381916
0.6230607047498111	-0.46778810707754026
3.536096096307241	1.1015151162316175
1.5106586478442594	-0.8637381288166769
1.6030685172952028	0.08597854228441398
2.2627689399232365	-0.4261525472564392
4.199422315979913	1.3386866428595894
5.688999486047164	0.8088295318015134
3.216869115329074	-0.07863993302615753
3.415774857581283	0.7858131754213671
5.929497524105979	0.003257072157736676
3.178870953095979	-1.6175753129219976
1.790758234778141	-0.6515067202610506
5.3635964329557275	0.28591166195457973
6.032888555114314	0.5057006838388937
3.579873750212462	-0.5044081621821194
2.8853833731378065	-0.601008146607537
3.5918474715592223	-0.7359458222220279
2.610695661391894	-0.20760023044471326
2.9818683000930006	-0.04119541319892427
5.607059655094675	1.1131950696574566
5.020872718718337	0.8389225596452671
0.8661322723576639	0.3762594488860918
2.139982378488167	-0.22951729683495914
1.2548404724525304	-1.5799246992999212
2.7788879493441456	-1.2485578631908976
5.538074310462451	1.4172170946864437
0.7307176677227877	-0.07472371451895027
2.422773570050314	0.3693888929739272
3.516417919411426	-0.2239521520045693
2.5948196275172313	0.9654094470656961
2.5800394555516544	-0.41797658989184566
0.5281071423930896	-0.5021408724836992
5.54388367319938	0.48577607906409787
4.116241842691657	0.4088945766898305
0.7806354377154561	-0.7795051442666027
5.017554049427303	-0.7032419906385567
4.059681506432419	0.9347667756263306
5.5588006640849565	-0.02539313957781732
2.737074384796024	-1.105581636329248
1.096204529235984	0.6901063572850391
3.744153256440607	0.38580951470844027
6.023522651443777	0.7985923978233123
0.36824470695790107	-0.9812246134398276
0.7844000522352771	-0.30220775983868686
1.6828073958232936	-0.25761786018394606
5.740384681925302	0.15502760929975534
3.0888067989316834	0.6028503226372007
2.0424366759845407	0.1352404075259014
5.629487557993842	0.6953279623357915
1.827058962391959	0.24475704502315906
0.438826083714531	1.4592648716455072
4.4905865358377515	0.9070784430671573
5.844735843950405	0.9027499958051066
0.46903049151971865	0.8242195670507343
3.69786403144051	-0.2376245502585406
0.019461225885381413	0.89594815160384
5.806650764813599	0.6616622662998262
5.058678181507427	0.5982470418893104
3.4881814050002515	0.5590161818306729
3.4586792384952565	0.3800382514899823
2.907761844144864	0.44056783002276045
0.6464043266488629	0.003738009013659418
4.293484980585513	-0.9200079670547822
3.393280253245832	0.92569763747645
4.842712571017257	0.8811764515865514
1.0717298462572007	0.37021336326265747
4.404899132189163	0.5719328251498355
3.597472774947969	-1.290468249591273
3.343360018764443	-0.4714295015147955
0.21658529961819628	-1.184593001256476
2.5440849506371754	1.443388923031943
0.6616850309324839	1.7352065917727522
0.23521220762405548	-0.31941289032286707
4.14659125263471	0.12913410414798507
2.6835826835343783	0.7323269862478416
0.3805604737552466	-0.661569438017844
4.140876268677302	0.694219979105041
4.936269527910301	-0.217861428430599
0.6368462900985445	-0.6752126899561302
5.63532889196696	0.6186108488469714
2.591225400988481	-0.35382345520358316
5.795716774278113	-0.010658788052551833
6.0252336202392005	0.37377166631790876
4.396514754669321	-1.1385454894363782
4.372569739660821	0.3200051674338068
0.3743558827760687	0.5880311526883049
2.6805389117737297	-0.5470468095660549
5.493193485822827	-1.2095172566548233
0.6657251297089352	0.25797207707191583
2.758787885696368	-1.4484421192106514
5.929959952754724	-0.08001757146158922
1.6124990297041837	0.24916781279203834
4.156502564022518	0.7096106517808476
6.005952989406206	-0.8566746167112088
2.3722620079039416	-0.4742604088831265
0.29077848049214783	0.5147743117529135
4.1926165754534175	0.3312289281042439
1.3522608980201518	-0.49704395815586433
2.3798609748813426	-1.3222924817993296
0.7264499943231649	-1.520825268337828
3.0150431146341896	0.07220882521509556
4.235019474065803	0.6423353119760505
2.8460725964070015	1.1877292036791853
6.0697227755856025	0.4952839435683759
4.77197225506772	0.5094648606618055
5.269581937629313	1.5509219041698978
2.9514628387982946	0.5942142997451897
5.910841484436421	0.7371659812562265
3.374870843143725	0.20360070336631272
1.9032900867464342	-1.7086047932581614
0.9327997107210164	-0.09923909505988211
1.8040367339177923	-0.27297208426318503
5.3145807297383705	-0.07652274773042986
5.723034238338713	0.4474989752147725
0.456871355151713	0.9837525681895295
6.070571304715835	-0.05441127523364414
0.8287022423544564	-0.0766571624879707
4.9380833110731075	1.0814731821475592
1.637586936845457	-0.6076685263343388
2.1628323827838543	-1.2520599945715194
0.5795670827900974	-1.1800128715034763
3.4309106675591305	-0.6821351207733259
5.3540977853211045	0.5014670977525103
0.3405725840382008	-0.3841343195270998
3.3017032044300256	-0.4818549257639425
5.0828817794349295	1.0894709563416662
1.975113086233499	-1.705983666457927
5.777774036333655	-0.9666271084199802
3.7224885440567865	-0.02591503218961246
3.3318302505542796	-0.5995363457210161
4.055629542265505	-0.7781083214180535
1.2359164134021565	-0.41195848232247223
4.376312931805872	1.7870912603865863
5.849410857871504	0.14479359755045504
4.3644318521518555	-0.030754017105700512
0.7457864874292568	-0.1152346231614197
5.860922567496335	0.4800277038858462
4.462007490494685	1.0159452627833139
3.6856076481646616	-0.6051818301516318
5.169407358024837	0.594415928447294
4.447732976251519	0.7470156498010074
5.019373837157538	-0.02947396102823359
5.338823518835558	0.0019989171184997753
1.3613186731915405	-2.3077569007910443
4.223410214885927	-0.25025994304219246
1.8443085341391292	-0.8041282255218384
5.820005847475903	-0.4424280353169687
2.1434004002458593	-1.3815841784396858
5.105327832509651	0.642944432100821
3.162740340001868	-0.16019176896213533
2.5729746573285794	0.9334057870800956
3.3663104757369027	-1.410405985975468
3.4008281783905585	-1.809357035529311
2.3580198796200236	-0.2241571645116263
4.281091885254861	1.482787668307049
3.2663616858047124	-1.5649153836835241
1.8391616496891405	-1.6149457014411008
5.032347765506149	-0.9033731605653351
2.2239036971005586	-0.5138707884517989
1.1170257764823643	-1.2071577990599998
1.33562255075303	-0.4448071961716443
5.586798065491058	1.6158166396168052
2.5227904998069217	-0.44908968251871806
1.3965347689912777	0.09825290590085066
2.488583795487533	0.9248408170892026
4.916280477178113	-0.6668847168729722
2.846420147989416	-0.429580572708953
0.824252936588679	-0.8987507898106482
2.7644305472027177	-0.8931767508844802
2.085427922624179	-0.2739155811107787
0.867743918726493	1.147530129664162
4.001100303595858	1.1125904772810242
4.138794866646287	0.6320682680220974
4.419174776543908	0.6502858276556613
5.445177300619762	0.4671585439253977
5.186885710945186	0.079083678630825
5.15135329595182	0.8404826316134407
5.289245168812638	-1.3306701631446294
0.634703297305772	0.19471082053324706
2.2101063003900574	-0.213213032051614
5.464456345399094	-0.016218642965606538
4.302297769961401	0.525413960782527
5.187595713270266	0.39490008795356335
4.379539275323982	0.8389191769748374
1.9743376609176935	0.1669086433177309
3.7092302537036304	0.5950893473392063
2.8914576616852496	-1.5988353924553944
4.232335076050706	-0.392125811032004
4.190174338913927	-0.9028293516405311
2.078065220274733	-1.8450443937211745
3.3118304332010045	0.9157320321662731
2.5834715649664686	-0.054421144917777435
1.2374306773185442	-1.5204590712116137
1.6673544228042445	-1.4995904694263624
3.4976863826055418	0.5011465377486266
5.614649417225156	-0.03382442135552448
5.756263419639995	0.20511114775257835
1.9069405726771897	-1.4707686642934732
0.6304708773024243	-0.22177800669811212
1.6859744875152884	-1.6054290677841512
5.4567948682168375	0.4728005522090296
5.865291791667982	0.31108569818669407
2.7696560623385076	-1.0197480193710904
0.6778149305645762	-0.11070525404703999
4.761378715093603	1.1100073685184964
5.921170984906803	-0.16066759992223764
2.9954037978558468	0.23590426496388467
3.2126067014483497	0.06977097273872629
2.9114911976358773	-1.8622423457868653
1.4828040920813343	-1.2739102215816152
2.182375697232528	0.10144777911962558
0.351293127141747	-0.2406266311747511
5.0734090638833536	-0.7337225393741321
4.324692783410121	1.0434186880811567
5.188279646848617	0.002773329241096235
2.95403964995854	0.1185792026231546
0.4720996645812878	-0.5200610345339908
2.77352685368788	-1.1032430620040103
3.053519959744197	1.3838035641098911
2.768592166570225	-0.27692899423272893
1.2854933440380574	-0.4591105841350519
3.5179316228267457	1.7109936524333087
2.5153636785986007	1.4341044258665743
0.2657548013664739	0.11998575033681437
5.6291588801510795	0.021058468237778332
1.572730011597069	-0.6125583954739858
5.242193730829619	1.1501154703814909
1.9273088941552032	-0.5829538769451311
4.036691550174428	0.3333123538129127
6.113446050472954	-1.258499298564894
5.790515991021823	-0.8698229015601586
5.426730320090969	0.7873597760458041
0.4135347034543445	-2.194859074304545
1.1503381198615035	-0.30941357878400844
5.213740551868726	0.754741234914694
1.8943935526709943	0.055083559339199166
3.2936444112959595	-1.0401493004086986
2.227064786966185	1.1866187937612782
3.32381545867457	-0.2357372032849053
0.24386738870369307	-1.2408169566306166
0.4102379696924885	-0.020066346787763863
1.1204032129206558	-1.1357946381631456
1.2876632840903792	-0.7296368509632694
0.4160032931741977	1.7358426799711917
2.502447433089812	-0.30847587887778977
2.508382097151731	-0.5918620259062309
3.7877588481566242	0.724734852121501
0.7227822187778097	-1.01228622052516
5.950872443584537	-0.6757191349152816
2.928143677554293	-0.1480623099980489
2.0768520518938773	-0.6885790115640543
4.279046886507042	-0.4911932936196637
0.16029897186524916	1.444954948490713
4.676615902306053	0.021527315971230913
0.4642233219195706	1.0603642505511925
0.8501402390867971	0.6344478059718809
2.2046477944423177	0.32373441899311795
2.616883431868283	-0.4746496071781466
3.4384952645907196	1.941332808581516
1.5115945748976487	0.0963423308798319
2.0425215604054756	-0.9460444636182567
5.944849545705695	-1.0891106046537948
3.3336111556602583	-0.6224712059098054
4.652360749597955	0.8259394163320235
0.35120750417803137	-0.539953665066694
4.408230365984249	1.7389907096134738
1.1252895894631916	-0.926017894262977
2.856725641585255	-0.957363829832489
2.334464179154752	1.470071878533905
1.7264477001971157	-2.0622415902970133
5.422539495957771	0.05454772876553503
1.8880263319624966	-0.30532789007719147
5.0034451365555395	0.5899740657962235
0.15282601497895262	-0.07304636289253882
0.0013377606234712403	1.5485037874934118
5.583462537788291	-0.11048735732300734
0.3545403814850623	-1.5776519471134374
0.7228939520892341	-1.3333142978896553
0.5775582482913952	-0.49728834848523806
4.153290221264335	-0.25896071076467303
2.367487984114015	-0.48910593468465924
1.6652890874978077	-0.4166710961342258
4.46815012690341	-0.2318964181710254
3.1050710033589795	-0.2531000715632905
0.9038517875809742	0.013394273704723106
1.1670048098725587	0.622702930904388
5.965171575792627	1.117432846114551
6.150168182726076	0.6004456727501721
0.35603880612088606	-0.4882498825227323
5.176133131489922	0.2636237029292443
3.5152742219329003	0.4931104271418439
5.84373516926956	-0.6294319685073128
1.9004417970273941	-0.9655295846747786
1.9729138098587917	-1.1847437504486025
3.506073186600487	-1.3070927811073343
4.254152796986771	-0.17710934400575218
3.899756351203873	1.2131785263769301
6.17131135786807	0.39644284349927844
1.5298759048543449	-0.37189319539318794
4.869236317810369	0.416856295475055
1.7916611059575622	-0.34654100134042476
2.668400297824393	-0.7939907331647146
2.352057546951698	-0.31809386746105944
0.8617550771853502	-0.8431805784572758
4.372294500937173	-0.06819369200010085
4.917043261713957	0.4784259050204637
5.71729055493681	0.9106643270907886
0.022269308395111764	0.08003431765253423
1.163861705475985	0.010101778295685346
4.099909965233714	-0.3938212027662531
4.4941871256532195	0.6740658135890074
3.0983085302171567	-0.9128497227248515
3.8039289465762858	1.2285215448277518
0.331813865604381	-0.8425879368422445
0.6548370417239795	-0.32612755227431833
5.1405101160346325	0.8231498758763908
3.7849074183228115	-0.22866977612612913
4.713981910263131	0.6938866230768517
4.833117049967923	-0.06174040681918196
3.864188137481335	1.0461174593616773
3.167617554421401	-0.817894243697107
3.4556347608967446	-0.5566020239566724
1.449541610230952	-0.30222406152768294
4.497309203981873	0.19316435930013445
0.12772993837651025	-0.6067796068261097
5.605309426175188	-0.05469447408568626
0.6608111579656342	-0.13852133317450577
2.006022961261449	0.31709378124409016
0.2705131088904764	-0.1952180532114564
1.961409139790236	0.305240806224146
3.960128364172746	0.2756742223293941
2.464839895876848	-1.4936453932265727
4.958896051788575	0.08240491248194284
5.559814101113721	0.702973898867499
3.8815963790341463	0.3100478456463879
2.873344888047564	0.05856727004389705
4.508796570272166	0.425219235070261
1.625291794034034	-0.4374138052196856
6.183301693536443	-0.16216142791804977
3.5631618764900175	0.5104947891271848
6.279724820828056	-0.35358694392133533
2.8982248839677704	-1.7106206458033661
4.4880149813201715	-0.6130353475904521
3.0608778847857256	0.7679676974203419
0.5730029555854728	-0.8421928228404448
1.3406411630625445	-0.13285824595484214
1.485144091289797	-1.0650287208016698
1.9902757155159776	1.473219592610703
1.7615878100487574	-1.5047969395810628
2.9847491098841434	-0.29852099218059414
1.4629689343004206	-1.1445543863676746
0.5560705927016176	-0.4578862934479198
2.732197235728167	0.926452216189984
0.8567188326072763	0.0979010773683449
4.7250608574459	0.5521698452986992
1.1872161859223531	-0.32977305645581256
5.880133959779821	-0.07773151228369204
4.870984947850755	-1.4074632717266975
3.092254705507317	0.945351962038179
4.8590566813365434	0.4497062476640203
0.5225612990358899	0.07427640042667934
2.1122799266082666	0.9159898651896757
0.9637135544359925	-0.7609571432081724
5.632884671918732	-0.103178660947075
5.50829864091518	1.1720138507167526
1.8638750404993285	-1.5743209662332913
5.394837031843657	0.8467358004796335
1.7617426675773409	-1.5292316109138706
6.161200292062182	-1.263420252612522
5.102928207849018	0.15811025417735514
4.386378925590409	-1.38937351788361
0.3982932285865717	0.8041438968229291
0.503398231923558	-1.6817120236829157
5.219081800737699	-0.6943355549007653
5.726689238148208	1.6287125848200366
4.366923725746128	0.7072827273122746
3.8966507392384173	-0.295686020162717
4.502096727741387	-0.16683029030042476
4.652978746860253	0.14420544717948117
4.720503557531232	0.28332103763231
4.435388805128216	-0.18181508572659183
3.674827654287233	-0.4866409022576793
1.7711234536066884	0.5631722036945982
6.26098963134717	-0.3910622134025771
0.883062614152931	-0.22805195213870022
2.7303873094908466	-0.8183313553997417
4.2906756756643585	-0.3004784574373692
5.080436042425682	0.8376909366812813
2.3165926551542357	0.07096894930249685
1.3206096438084232	-1.390723512512239
2.4763596141182878	-0.21617211140127401
1.5177108573065743	0.3955044994367627
6.270289843364541	0.438703902689567
6.213977239090423	1.3230092670082705
4.290607004203402	0.6625308271048763
6.006934695613776	-0.7339575077308435
5.675954786725756	0.45935861769463177
4.732185724760107	-1.3513715520462908
2.1698743328211583	-0.7131002991983171
1.4004887672166202	-0.3658850602349949
5.116056048395586	1.254295215658906
5.750875993829943	0.8931751605683309
2.8869438095661195	0.9440019769536893
1.9185945984216728	-1.183973840599967
2.3224577563575455	-0.559404904684952
3.9225061796983134	0.9485244119845361
0.1577776245641367	-0.4710486193892771
3.28704599929773	1.6236501359811302
4.3823475005307575	0.7774142431962643
3.3136942980025683	-0.1650078142540193
5.211799769175822	0.19658472702640217
1.664062456237433	-1.3987558982343804
0.00285123770184903	1.2957396519917483
3.649729953036262	1.7867954013308125
0.7461448816717731	0.4645560528732093
3.4365243666506804	-0.09237881100999606
4.988662061913456	0.5369150521398238
2.8761441345560925	-0.8100289600147176
1.9951805220392789	-0.5808021125602018
5.073648290696773	-0.7075653698363975
4.294334947090624	-0.8768530415513321
3.145149008314446	0.4866957410919614
1.3298955778541135	0.08905870053585861
5.9593443789572955	1.3307716931742604
1.4776902742063984	-0.7100628420041
2.0856639842774465	-0.6647709672090895
1.3371889519035278	-0.3775625756986266
1.6019965017197384	-2.1244615161885547
0.5970184618868908	1.1492453533512859
1.453015615685066	-0.43720606481781393
1.8475627174967286	-0.5899196219234208
3.6890050450542202	0.33770056208144666
5.849105239854229	-0.6998996180088001
3.862114245122701	0.5530725649909182
3.861003510855233	0.8820293807721196
1.8061840431189395	-0.3190988363228088
4.180539629603377	1.1233561343388594
4.618711620431329	1.1338429027258408
4.828146827097147	0.21067958329566633
3.3645454202572846	0.048986726950360465
1.5656339303962203	1.5658322087575194
6.067872822090096	1.3018278100973766
0.6712792458098864	0.2999481998849049
3.9952648160942204	-0.4136108386621814
5.798114706565078	1.0149491745949946
4.453894034299051	0.002386149221172083
5.061637430914985	1.5096624690804863
0.1565911304744496	1.3824448548150514
3.7187556897429666	-0.6565106090580922
1.6209459228466674	-0.26935223116185186
2.182191467736743	-0.18939062800328005
1.693141993788025	-0.11670421308609243
5.904132727067432	0.7591375605514924
0.6548627218160057	-0.14521511738947476
0.15845223429493338	-1.0123397653556367
3.9061315807797916	0.3943291084171439
2.1654011828132784	-0.32355571508829717
6.066802341093529	0.8894356509829076
0.23816356379213577	-1.0633972177233986
0.6119023299285591	-1.1681993650250335
4.995763464682572	1.6947539139659105
0.10049416780818898	0.2978508434851928
0.36976674232821105	0.4602646647082111
2.8924387876981013	0.23329167531323045
1.1200822076784114	0.8349044665494757
4.080646261336323	-0.9106836519295495
4.59120816470796	-0.05869927225991277
1.6415529480883058	0.04525081320738856
5.370935416783625	0.09801236491674034
6.000191832289985	1.5430234928446234
2.0713341241243235	0.9851274104868564
5.507120347990661	0.08090582951877279
5.842363239595809	1.0338908964607614
1.880574437967172	-1.115634438369446
3.1382452584707643	0.8424418223497685
2.3119247452054683	-0.12699435482646518
2.677457112035649	-0.5902473447302287
1.7992251999090425	-0.6481867310325292
5.869062664793864	1.4035494554579138
2.556478322872367	-0.1355803949355342
5.664097360928562	0.1343883418902579
6.171484941235189	0.5902350607144091
4.0498349113985554	-0.8698507932944628
2.4424798365326317	0.029324036695383447
0.9549248240780104	-1.9911484861593383
3.0650006125973013	0.28107201284966865
4.810608183328127	0.02394956839662939
0.2770197294433085	1.2891781664085964
4.666448738238204	-0.581464666127771
6.0011758893497085	-0.1906359304966792
1.6754997045409814	-1.8501014749864568
6.011511478261035	0.43280244555527847
4.207282540605238	0.4188419396000737
2.80654243550781	-0.44441572445524113
0.6363683500622521	-0.4611945501674281
4.088085236038909	1.4975371167787048
3.3822753949216775	-1.1962514512302331
4.490382691878956	1.5276210624917428
3.6723479173330853	0.626217774258427
2.056727348636292	-1.204444250327277
4.096925427448349	0.9723466728099375
3.1050230321516032	-1.4276157758719297
3.423826967798445	-0.8599539009375984
0.37664926181050795	0.4850396586715163
1.2551047316305493	0.374872572234936
2.97376581463379	0.041960442402580574
4.59691850831575	0.42327738007602356
2.545597178732342	0.34257975885518727
4.130475493032293	-0.31608363398065026
0.5063336338619369	1.3946785054919675
5.79673221753651	0.38471878640100676
4.1764056276795145	1.205741380967938
1.4961026805278417	0.10558212014089385
4.087723975210686	0.6113882294410239
5.365607505870501	0.5231854495659553
0.5357723816271225	0.1936471881993605
0.44060550325131037	-0.41909016271670113
4.193686533070844	0.18414524992386597
3.827956713685708	-1.0871866302375697
1.455938270229724	0.5548585759339607
4.277847070975049	0.39057143151268237
1.521540995745955	0.26621997284351256
3.2086003791598987	-0.16901014409788676
3.0184515164239176	1.648476645800936
1.5282127995800137	-0.4201918329099922
6.177231281116257	-0.8061220272960922
0.5225229313649395	-0.598249897341578
4.302761631024435	0.5176082226110905
1.86023538059003	1.2922227880834947
5.011532165424799	0.44565513224250874
0.7003061833616195	0.060275774778518615
2.642486889225683	-0.32179856723769323
2.2900827227228624	-0.7336869553052134
6.170781839613162	-0.7776850683779096
5.5547555853376664	-0.4134440762026066
1.463770563213551	-0.15227846870968592
0.2008082803565019	0.14324560092716337
3.799416151445475	0.4385631112058214
1.7215672521418117	-0.9698583384461895
0.48880848738098415	0.23151723937266863
4.071119568948051	0.3250218250033504
4.810094739644135	-1.2138791576151642
2.054862913995863	-1.828819846635977
3.224072522224565	1.6745725598177919
3.046223996196635	-0.27015759392436917
5.05946130615618	0.10110656779085919
1.2247824034572545	-0.035707580728647645
5.096021102576975	-0.026205640855871785
3.8713730137642166	0.47044280651570614
5.797389072125882	-0.9937508901708905
1.9488452973751023	-0.4987549626929643
5.734247071458153	0.23971093668752838
1.7772898257955312	1.8847857298057278
5.815269362608138	0.8596780151326082
1.117576188041098	-0.5914332956786778
1.046798634585393	-0.6987088090398602
3.933561256791691	0.25444582983036207
6.122192320890763	0.4317464979816467
3.8114370594526927	2.081365723241341
2.278250038895493	-0.767356878065935
3.0680841601442985	-1.5518176564874337
2.6102985106840446	1.1612612905323616
3.3790616429441096	1.8959402007531247
3.9322151539114767	1.1938295534440904
1.06172199741387	0.3970437661080841
4.792780579476461	0.5561668053333211
3.8324424188006	1.2666088915897353
2.444292170646504	0.32137252910133485
4.437474387232257	-0.19035399974214498
0.7679705425961068	0.9099139690508393
4.6572601445079815	1.4195944627296098
2.009580309682965	-1.2816322922025436
2.5320975177117266	-0.1563264666214908
1.349065935392078	0.20612336556409913
0.9540591939390142	0.4778109099671123
4.881822386974863	1.3649905706761924
1.62214675459657	1.396154767407524
5.905083057877864	0.4780106845179532
1.9522559892935547	0.4092231159547563
2.8742308901918117	-2.444561533162663
5.065107014415519	0.4064263349892048
0.144362018265499	0.9773697159060739
3.384402469570192	0.663930187214273
5.511183189932797	0.9842284836554908
3.4381608719134005	-1.397099494513342
4.378097403897854	0.8673629089207644
3.6391966655028924	0.25912907121487616
1.351924602911913	-2.0426237662783757
3.046214808782407	-0.8039816241662604
1.0713489770724847	-1.0602868541700599
5.30672183753219	-1.7378409680549
5.9873639011787	1.3669883044150875
6.01191355143929	-2.0450210279338275
1.0636518075933807	-0.7587669571011563
1.7039502766963732	-0.3238671149232508
1.201726674347235	-0.03273526705681518
0.5088497421218188	0.18821063040688452
0.20481096941363575	0.04018087244818287
5.227517125586777	0.5738338064605855
4.704201078339283	0.7824605420263306
4.709186439606373	-0.47302890235721834
5.905596016245731	0.05076869905651821
5.718582824756156	1.5829399202001244
5.802542706368512	1.6015851604744868
2.4600111282722654	0.46396016505105775
3.5843351015899794	-1.0482340504935506
4.578299069567773	0.9851607668543338
0.5446966277613798	1.3675210255657835
5.687236637048786	-0.3467075142511715
5.377459847310535	0.3614114344615577
4.225955134891548	-0.28411283200719495
0.8770989613340561	-1.4290627400160787
1.3712281065948508	-1.2539974078146396
0.952963750820152	-0.9953615374884371
1.8174693028026123	-0.6773938601844975
1.7426330608060425	-0.6491596721522442
0.35719420039002964	-0.9325005040847235
1.3230726872495282	-0.8358116811426635
3.2378803489599175	-0.6198600418185989
4.163551450892483	-1.5902107445135727
5.795219144495362	0.148456346902353
3.0732346134355226	0.05003620317108261
5.883715869358331	0.9135764169577881
6.0276257562591145	0.5622471282004162
2.507701458758822	-1.0903855685836519
2.686645285907327	-0.5068566660026346
5.614455064144235	0.35421971099091243
3.11809923763896	0.05429797156749713
4.083089257724701	-0.5141815759399487
3.7069821444883955	0.7265248700467253
2.2526646780719	0.4797420170766773
1.7264668869112079	-0.024340030933460405
5.035665088216191	1.097054728477773
1.1227022234806687	-0.6196778557380406
2.2295205197746544	-0.013145878245443545
0.22840190023523033	-0.8772798993735165
0.48927142594901873	-1.1148143787595364
5.634080476795184	-0.03150702042743513
1.8751066859034546	-0.7084120109755896
5.102031640374687	-0.17157044699324867
3.5856038425327537	-0.16433520320546435
1.7615416810181848	0.5531827145976856
4.650843388869575	-0.38576101389630646
1.3103878111627338	0.733927332966823
5.397239129296344	0.49072753204764036
4.748727979878236	-0.22569827376502985
1.4002884214252977	-0.2277459862554366
5.8788422730058905	-1.8665290727339146
0.700105962310567	-0.07532803496800025
0.8897600675133663	-1.1232782528709826
5.3421205236782825	0.1710115979627311
5.005315332208034	0.03258633446744279
3.88827395430328	0.45147974304416827
1.4632990787077116	-0.1334147680858094
3.1833489652397216	-0.5716931669652858
3.0525689058083976	0.7879186423102326
6.2080412282668265	-0.5807713561207489
0.5341889111018219	-0.39852507687848154
1.4403146437800256	-0.5822730073425673
0.12229747107819566	0.22234088158133786
3.2440918417218936	-0.4878735387151499
5.463087867225866	-0.24583409902839812
1.5491608117156854	-0.39995847522968175
5.740390671487457	1.0148050242259041
2.4288586784574053	-0.3317697001796462
0.31037129322889756	-0.7344861927796654
1.73716286297263	-0.7128487123736335
5.669273589118081	1.1139142196075982
3.685969449708459	-0.18010257842396443
0.4731277108624985	0.15879358614542743
3.784585501039645	-0.08461098820188105
4.219759964204135	1.1117982660091097
4.676707844808313	0.7210950048236874
3.824873915988153	-0.21955514059165937
2.2879557555776735	-1.9609968075025037
1.3112252381098237	-1.2722150887927597
3.770316152967009	-0.7049308905674969
5.393819194051071	-0.5864366821779639
6.019388148921198	-1.568791884916145
3.4412774935473203	1.6424284309785118
4.7859440368441595	0.5004200232781704
5.717663554850443	1.1082488947567972
2.628852154688868	-0.5796109849354029
3.808079871674897	-0.2633761556600306
0.640647715499794	-0.3053542286877865
3.5448868826143882	-0.6541476654182212
3.153470431776647	1.8278145003094426
5.224995717799807	0.9185626122760566
3.454957136263184	-0.34125743430633937
2.9967274408675646	-0.07273426535605307
4.1142725953211965	-1.0564546160630455
4.452027457646047	-0.4381141534585131
0.5709718717105883	-0.6396771616880154
0.9518705469951403	-0.24549281356306307
1.2962520866968799	-0.6746930172550064