1.7477827656186369	-0.036696976201144635
4.511290088914938	0.9635721702844076
0.9439565447598879	-0.3701200191023277
5.999471745518165	1.124684638004566
4.166234701305369	-0.10752487614145154
3.1861953149270974	0.6520553727821743
5.509079707185007	-1.4526251031796047
2.637795635003003	-0.3315566120574712
5.7010354871187845	-2.0449339312578276
4.160529488770875	1.0281011478028113
4.969030548154919	0.7894419082746982
4.988785499692849	-0.04516553037486033
1.6118726636664888	0.019363450637127137
1.7499187446119926	-1.6899545834981387
5.03584114781665	0.8921143793427849
0.20605140286279955	-1.3447035642076512
0.6448836676972656	-0.732728085797049
0.08086440321555823	0.389250271140885
5.422825784155171	-0.5315824363312446
2.4641603699617787	1.6383969134747973
2.346477010431361	0.39183982186260174
4.70256536171493	-2.0677500433616784
4.7536337926344086	2.152948999235755
4.732255689711562	-0.8519877155975035
1.588091078342698	-0.1518273093252505
3.874908456720625	0.23184715329930264
0.07239956586735197	-0.8881715445947196
1.8262631354864265	0.2914069832419482
4.4742273767001794	2.0324995821123673
5.512849929544988	1.395888322435263
4.707183877392607	-0.8643643948299579
2.3714969280191127	-1.4762040686214029
3.790616400458836	0.5605221058478629
2.204860213568139	0.1571489636586792
1.6838465760631016	0.6211992821320848
3.9004106650859365	0.903628976501646
5.657527531526398	0.5140896795713848
5.414493964837594	-0.9760624674554804
0.319074530871142	-0.7656783742309042
5.189097115694107	-1.3469739934723737
5.092626437180331	-0.5339956410651663
3.4962455830656207	0.6833831227037002
0.4891153841991036	0.30781465161325156
6.012864911832671	-0.2387593733326314
5.553489165738847	0.6911218618286179
5.444509204827186	-0.8903884625699156
5.058545581780219	1.0370365755850093
0.8882296106177776	0.39540620359593925
3.4750263801348984	0.36561549127029536
3.973395343217898	-0.4703051401400633
3.938560572695474	2.0244447069251876
4.653994565500227	-1.655907131102932
1.3661602766433596	-0.44291138733186514
0.1505215665053683	-2.032708318709406
3.5296687436948524	1.0861399014527062
4.511141166163931	0.5794238063950219
3.311893191954022	0.6752334846551684
5.643649850564939	0.9945762543444837
2.1725630697300513	-1.2578073080944192
1.078740727803459	0.33329084960781874
2.5532849261987067	-2.075100191192458
3.1051534714353686	0.9995071449198463
3.712789238379365	-0.6861679796897648
4.674014588403523	0.07003680217613528
3.3573152151437644	-0.006665728117650077
2.369972651983153	0.95266379066937
3.307536564753662	1.150515252779742
3.696567532761497	1.1064797797605033
5.261789773427202	0.010934763788476838
0.011442964974021235	-1.8527998191730046
1.0398594001134853	-1.1463831696985496
1.1186805017191621	-0.5148884864603386
0.6180534296069777	0.35198709197427297
1.8373005765325026	-0.3045043947488032
3.2640967892325308	0.5693565903644211
2.1738373479341124	0.3766414814925
3.7314221807895116	-1.27937988619914
6.111403888261394	-0.023101985060385907
5.53239420649504	0.1848166642382459
4.617397234941867	-1.0031822999540014
5.937852961604751	-0.6293259328536401
4.794553929122015	0.6109266235429257
3.962126447642028	-0.4109291638536278
3.3651357867349847	-0.7582135802295334
0.8529323685319536	-0.8745685771242998
3.3742805388344412	0.9635051831035497
0.17907776844643664	-0.34764198599704815
5.071668304878617	0.7857154081797242
4.637246598668025	1.3029537494189294
5.164297173890518	1.6604187325507327
1.6225092590306178	-0.9637610525111835
3.227280202320524	-0.00421304930671118
5.0323280593869235	-0.8414171147597254
1.8372339029946954	0.06680509551228918
4.731980126504806	-0.20728164793703957
0.5258520061281853	-0.23905475972375376
4.648251670704161	1.7132807949422935
4.4034908372934805	1.5000168916421597
1.141667816426198	0.675103085614723
1.6417293914023032	1.8879980238125007
2.4581510047603494	0.9538685032336875
0.51840340763487	0.03887268702386381
0.8367097924220825	-0.547917348620972
1.6917894763418273	0.7084823132329743
1.982843225145979	0.9304751033231667
1.7449750089452323	-0.7210284398291371
3.738915289631928	0.06135827518679959
3.60765661452505	-0.252951131046749
3.215945585245805	-0.06629282321888062
0.6165507514558373	-0.6847163081057134
3.1582041058929646	0.15297656726704892
5.200221262090983	-0.3557423875946088
5.753791999644438	-0.060427013388604
4.234399400878875	0.5327874696144843
3.3999642238101875	0.6204253991108754
1.4092430632850332	0.528108795926971
0.3186839028161579	0.16407970412643144
0.680114047389015	0.2480864138362421
5.195184443508179	-1.1060766752997062
6.267325489269433	-1.180516538174171
5.464312751955318	-0.7041293247589648
2.178099051192884	-0.5952627748618882
3.4664812202736535	0.25863089522064026
6.206239804551705	0.42252428887046306
4.725391476631671	-1.6211502388804266
1.2133127827990138	0.5184022817377362
0.8493310813398338	-0.7595053158867415
1.0014465963586048	-0.3979901529766972
1.1424139017816293	0.07546413936262585
2.8030907525481417	-0.3531586411240328
0.2763516336842322	-0.0573544523699044
0.9119798981933425	-0.7713067590671244
2.247832876145125	0.5771999973042785
3.8907474269504885	2.30677921803411
0.7217994533594458	0.3307219217655042
2.542553471890456	-1.0821737281023367
4.20128455569577	0.28743861879724153
0.14383717159399015	-0.21124250160709923
3.1132049294646507	0.1958120291253254
5.285389765561947	-0.8883903361847104
1.1502230165736336	0.7330583644192831
1.423767386946275	0.5171204904299338
4.754933484081527	1.3894876499426005
5.526904912868436	0.7705295578104726
3.614346708522426	0.07724449214739233
3.5114474806155336	-0.558944889226497
2.1864620270152653	0.3567055812233283
1.9800114752498312	-1.1997156035014487
2.4014201411942757	-1.3910373725233307
3.3273955353250546	0.3062425847669255
5.356880664479174	-0.15571952375687703
5.288186738088421	1.2592274590739354
6.1599305221237275	-0.47942121564510054
3.858659856361527	0.7020147343690812
2.7565490893656506	-0.7793273478365746
4.034972169714752	-0.17124134463590612
6.047387592415809	-2.1489397019874708
5.457000750238851	-0.2718938359036237
1.6921296811117386	0.9520732728822409
1.2708731197128786	-0.2065927978339196
6.097553355632601	-0.711496321524834
3.1296732966617427	1.3536575532866806
2.338128004799484	-1.665438492189477
2.980405649513729	-0.6585717199233079
3.4582589622150133	0.3913048773083525
1.5347528880857109	-0.10170086885687485
4.873577326824041	-1.083472907993418
5.589491076986333	0.3202600821669927
1.7211481844630505	-0.4946695150512202
1.917108540550573	-0.30779231512771504
5.105586212759136	0.29010535910814234
0.42846901552164685	-1.235750816968249
3.618312870149376	0.7845470383663334
4.011522720519377	0.6629024883548038
5.845966985118006	-0.24953421145257298
2.268498498710633	0.5499419594270095
4.430929719983357	1.0865728921694824
4.892322570293207	0.22569323414808873
4.488296031883679	0.5126075367617199
5.982166781371081	-1.0303431629928477
4.5360692517366505	0.18459802863709668
4.000642520658003	0.2283599811060306
2.5100615396889685	-0.9101345515127699
0.7971289214998163	-0.33445975298261954
2.421244368558623	0.6957923316490169
1.846515845788435	0.9348420092962642
5.6002406198378365	-1.0342407165644498
0.1110922919319739	-1.2349302977569534
3.55497321468961	0.49264114991899816
2.5748193486585484	-0.09650413478991476
4.975565953161239	-0.2273113444333401
5.6943712430206155	0.3027553037173803
2.6865074005285514	1.4797466847842544
4.104751720773262	0.7178784478079384
5.297881336202326	0.21263302963106478
5.6421214653288345	0.038542514828874525
1.1035761756656584	-1.022684822949884
5.129342689915987	0.8889603272089921
4.208959672798205	0.9679369766526746
3.077445975218211	-0.6436652952130933
6.146697530351198	-1.2634439479494544
1.0683428996878268	1.0639397438661837
5.205528664302883	-0.7894472962726474
2.791539114621876	-0.42027420452539976
3.8599603506267854	1.92803319065832
4.391682482920367	0.077996651099176
1.1568542188933293	-0.5645518907546988
3.0665282315317968	0.386244896443275
5.733707868560225	2.390132035199893
1.1831228586587406	0.9352522815917176
4.402494273968493	0.8294030409235247
0.18123657882231736	-1.5159640767274294
3.76474333257139	0.06411590365300543
0.636657877899121	-0.05089597500643235
0.5323434041653918	-0.40977741898862396
2.62975275685163	-1.4830994306051823
4.59617091467468	1.8166553279112454
4.809836095796797	0.9078975144103242
1.4103826160215576	-0.754412702464259
4.421998113218113	1.0384422121873174
3.722249672347757	0.895396368711956
1.858684314457375	0.3660447719970325
5.926530958530112	-0.9540894014665255
0.2584942521047795	-0.882566477314065
2.2853554839078782	0.16698288557662183
0.8930094538391979	0.24267284707654072
0.4448663901053749	-2.3873486474831838
2.965289785295372	0.7157351559917493
5.5511428306762305	0.10919072081603776
4.049145860572306	0.772707572454277
2.423852898775194	-0.7561888055652506
2.683500539761833	1.0675432505075901
3.8749006280319103	-0.3034152468031578
1.4201645268008702	-0.45520506130825317
5.542448050566169	0.5246658041581086
1.3583304604579869	-0.6867152639299825
5.113461799295499	-0.8173282661668048
2.600019849720823	0.9456058745440357
2.9377174417035876	-0.2672780673355261
6.062491249751343	-1.1031467280338707
5.119687666461852	0.6055475024139637
2.376962937028137	-0.05311917612058874
1.4624337241593501	-0.740203750880389
3.8495741517140125	1.0212275371683035
2.939040588178295	0.08350531479239587
4.4744352269416865	1.4978420714528096
1.7301242624971833	-0.7931457339346336
5.9241821002327	-0.5455255455873934
5.19188658320262	0.10472741274362236
1.6108658277601737	-0.5864679016404936
2.6357155996678525	0.9607950114947045
0.36259926771646495	-0.12900247491144226
3.5079084407819003	0.003405402401587328
2.992749579868038	0.36320192902076076
2.7711905675765798	1.1688152941038004
2.9611862571277237	1.3008096054354992
0.7011057114063269	-0.30345554369600897
5.6177656981710715	-0.11652677388050653
1.1282112528609005	-1.171171720423798
3.53267036353021	0.012365851699994832
2.7419139228892155	0.4754832500438467
3.8193932971524145	-0.6025967234109686
1.4297747805016658	-1.4324032973939003
3.8535188084350525	0.037524037870844504
3.3684541417728484	-1.1934350095208555
1.812290808108445	-0.9216576400348302
0.9893141118972941	-0.5293278118367096
4.192900893596525	-0.8779582270196481
3.143046786098522	0.0817059481872403
5.70256396070596	-0.7894565565196512
4.689379766252197	-0.11618214101787691
0.3423023847004849	-0.1644996425355171
1.9152971295499999	0.7854458918194516
0.016787017747383004	0.2211443363414324
1.0650201383898192	1.9523721913077123
3.5157433926627766	0.8388639580593765
2.271982499970384	-0.08509627395170681
1.2689641622542966	-0.5082362854330108
3.2011538316979755	0.4509454111936971
4.348412527629971	0.7554628424976164
3.122531228291793	-0.2643741930290404
2.20966700789329	0.11651385031447722
2.756585760326755	-0.43420919268889346
5.042877207010931	-0.872857664771928
3.2277762184018086	-0.4874204706035628
4.866190759374919	1.1116752024726455
3.979589238006179	-0.37162388754043524
4.617548926729285	0.6067883020841542
2.6114979008136974	0.71782895467719
0.07167352257969384	0.06916131794931907
2.3577895806032494	0.31805504798148615
5.446380731982227	-1.2130101301847809
0.30782784436081556	-0.7558019219812656
3.1416922467824886	0.6028067867416759
5.949750567689751	-0.387749373283842
3.937298613496504	-1.0623768097605248
5.570659181101641	-0.3692450753777396
0.5514375334527171	1.8247005824718956
0.08014288551014177	-0.5759103159208984
3.5407320417260544	0.7484010511867099
0.24954032552751926	0.24119346155798427
1.5446530355799877	-0.909936643570752
4.468201918043075	0.5062861892067008
4.602417631699436	-0.3329142885099175
1.6393387677455706	-1.2136647266779315
3.6248130334062987	1.242662414207596
1.0460634708838743	-0.608919810766925
5.911880565757301	-0.03833668951518575
5.610260292470246	-0.30851302832964617
1.9997789222311582	0.9744517440977013
1.7188664524903672	-0.2731989548596793
4.474568398136231	0.27427074556843367
2.2590712048718657	0.4000050817144132
2.201464235475023	-0.08314014050695595
5.933465308349474	-0.4616310133099129
1.3446794989276478	-0.31339327132824335
0.6391055041476541	0.6943793419305806
2.3133841584858317	0.2165210626526727
1.958487838153097	0.31948088235362315
4.8832001468421	0.1561279078159289
4.1468005933221725	0.6125672955009824
1.3579072867017565	-0.21117904468391216
5.339989929254351	-0.41086280814660003
3.0550175358367624	1.6128839632375518
4.858984902869052	0.12128831308501017
3.5081859428923576	-0.49118366187772955
2.878841061976129	0.9594043082685118
3.725945072623189	-0.2139580775607538
3.6709426085995447	-0.7099139708232292
5.570459858176318	0.253190751877457
0.6129826127536182	-0.9552145581393081
2.8110282153109325	-0.3062084464111896
4.1457420854751925	-0.190776869556902
1.306310084216974	-0.8629641852830401
3.6479889714873046	1.0558571082530226
1.2530413978388744	-0.8825529790875126
2.584251775569129	-0.30756407766520844
1.9763465449925057	-0.1274691199851511
5.936700889069312	0.5303485584110661
0.7630327791908664	0.575829822502802
0.45076303413136265	-0.813416046035777
2.0695243286893685	1.2923461201031468
5.521505219336102	-1.0914550023888434
0.7196836470474054	0.043204234399889595
1.9299755604662643	-0.8519158324499401
0.9584248563154825	-1.1331405174335925
6.08321130588412	-0.7869135400575378
2.065686779124574	-0.3316264482922057
2.1905996684816262	0.7925944673111333
5.211928772770577	0.27155948777754424
5.923562959990296	-0.6921552745076369
3.6365709170455034	0.1566023738261643
1.7156551634101538	-0.7861001645771801
2.606681442612418	0.7883920243093121
1.327770848444553	0.3850302745116727
5.436491804624563	0.2267431366049565
3.4693250772150392	0.5865931270857686
4.33484212163997	0.9897188339086577
4.571580062454529	1.138634162631595
1.983749524041313	-0.586881690956878
2.9023201545797175	0.15728147175506066
1.3431870821686447	-0.2953907967813101
0.7224249355506709	-0.23350927366249363
0.9302824110830423	1.4559664334809141
6.2731041407312205	0.6273191591681964
5.483466665877685	-0.5940483689889161
4.358868884393514	0.2859371548908392
3.6409335071814155	-1.7866802483928148
4.672039409641808	0.11049132911953014
2.876724600885744	-0.9549320165097761
5.135500398667164	-1.1830253493852718
1.8195100038937735	0.9272171285627341
4.410673258536648	-0.21407654664319578
6.232543948492438	-2.1473571676419163
3.4551674410988547	0.7719620394621484
3.6061727335859377	0.24720951564021063
2.378758318473368	1.6109458930055656
1.5469483169826415	-0.6275388139706249
2.510655942758328	0.7220709346889411
5.583222947946155	0.10725254031876091
0.3205497692151251	-0.4703542460168285
4.7928879331870995	-2.262230774875324
5.628318224517144	0.564266161176461
4.06717693292881	0.6029937965828983
0.6506461764342305	-1.053129301795279
0.537416846716529	-0.7238066084897306
5.378423677290912	-0.5337517873347185
3.6958079866586555	0.6310403155603508
2.1873815097593967	-1.5637551826003795
2.724524156057595	1.1525540554533658
0.41788738223744737	-1.1637993689071562
3.9145960159377573	1.2932001339457284
1.859907820498468	0.05901527738184627
1.0732510031150202	0.7476366648875412
0.9948317519640284	-0.30655426763247073
1.5714235564532002	0.8761545378027085
6.025102979187624	-0.5737198053506098
2.0503416836262476	0.4154197502001805
4.723958520252243	1.1856310368882783
3.8782682963635136	1.012114711322569
4.304224420684819	1.1001821754891896
2.011628979826593	-0.14771585580610208
2.5735916374043555	0.8460406863615529
4.05483677048161	0.15245774894968725
5.079563088758843	-0.47021642236057876
5.5022964387066615	0.027936696410023096
0.6802811549126533	-1.667327472984394
6.204479021065437	-0.4057163063701679
1.8724841930062759	-0.6398737645665508
3.5498349376982805	-0.5480162341778688
2.1774953965653197	0.5484856901586133
4.886395157558784	-1.0626389247013086
5.0664248921105495	0.01381006915056355
4.216446980319741	0.5513799200661563
5.351033561607807	-0.7939573730089
1.4012017142469917	-0.035391940444603365
1.6740192458665115	-0.6234041800251163
0.6463747795732313	-1.1605605694492231
2.5495694904484703	-1.0196388516372334
0.3163456433247437	0.07245279922284313
4.2911285374732415	0.08361627865875955
2.6467091904065367	1.6145292187762526
3.647207649665134	-0.3620960405740672
5.702899289841399	-0.814837209957878
5.304088342050647	-0.7444108035309133
1.6745822554785548	0.8138595473309661
5.8605828415881245	0.06025566754646821
2.512735327607308	-1.965089213292593
4.454251570956972	0.7917393250701819
4.235208060395635	-0.8459157898830154
2.0268313673755625	0.1423279218171197
2.7858591325894766	0.09498649574661193
5.851139954608742	-0.015044451861142413
4.818533282590947	1.488393133690782
2.757512393558464	0.4393169073098568
1.3952647324017855	1.1062416841492146
1.1441438534316202	-1.0277353382237273
0.7962776500568508	-0.04441915100784118
1.3863638060813432	0.24897727446310278
4.074451306800025	-0.42909446728399936
3.851598946770013	-0.20173852651067264
3.784898996127847	-1.2577553538803603
6.094556678817313	-0.13142152927967765
1.1424302875969374	-0.16247878692713394
3.29009577175435	1.0225343262682107
0.7662351615494618	-0.29196581646201863
0.19900983000514838	0.10119240964490653
1.9721759846709386	0.03452096522877032
6.2731450757	-0.8583576437526046
3.35804846956992	0.9464685723074636
0.433832945930023	-0.5106986363904314
4.5939883214098005	0.063264699894138
1.0836887359238285	1.3941697764869434
2.1084048315903914	-0.14151689174594964
1.6153204688561411	0.8758711549455551
3.4567638799122875	0.2481359979619896
4.4963865120989635	0.29244341353182657
0.6010774834992504	-0.4223642255365592
5.336458974248128	0.12152334553351442
3.8082252935505174	-0.034674322127256886
2.87762665141496	0.013699283617388303
0.940430260507433	-0.5966494250184332
3.8603750335896483	0.8973237977275329
0.4995530424175616	-0.03509496192669549
2.2874775035405768	-0.643480668000619
1.7620386499749312	0.2880968036520474
0.29165464632809257	-0.1551175908144983
3.157446172744767	-0.4705275058055099
0.8617056772028837	1.0756751891654295
3.3240160912326058	0.7822086503945994
0.5241660802935741	-0.08206643259287086
0.5450612862234888	-0.42502827842574087
0.9165905335447881	0.1670926864648629
1.1683735288724462	1.8333881033428172
3.2855340520440457	0.5498751214170295
4.032270799606162	-1.3606719343287417
2.495337233389691	0.14220481808621302
4.233353391165337	-0.26034770556148756
5.6740793625841235	-0.22501394018218776
4.553898391087255	0.8774836129827862
4.678154037286997	0.15615604052750864
3.036410361342563	0.8079377972879092
1.0801455814242846	-0.6619187328846616
5.9976303118907985	-1.149580753325319
1.1774003284424417	0.5043758909394963
3.201505166604834	-0.7803990023304208
1.8421384393854794	0.23390433978479433
6.190488426735187	1.3134068978215625
0.6556489970079245	-0.36831198435815127
0.49551197708207173	-1.9820974791416845
4.086955599967581	0.6582600437304486
4.94210649335169	-1.3167150669234444
0.07150146062853935	-1.1626907037572591
3.436461798347617	0.2723423378924777
5.095982102767149	1.2158056024159947
4.327968122100204	0.5057644025707138
4.2756534854983865	0.7673329761436614
5.977234469817765	1.092889841341111
1.606874379664811	-0.9918942431123966
1.4152246004955016	-0.07796405882696196
2.170741770100417	1.1670691191125089
1.8998964633951463	0.5584524733049882
4.862736451631061	-0.8772976782834644
5.056717642135313	-0.4663306611243046
2.407170310616676	0.7544382581092278
2.4640213294475295	-0.7605519820905795
5.451782928277757	1.5112054607141783
5.801588762883063	0.08287322985730437
2.695136687271435	0.5085374661480585
0.733015946057858	-1.2387656251233363
2.4561496209610665	1.632388002143795
2.7578526736871405	-0.0935625021245741
3.1574913951422374	0.7804356714804493
4.06338221573006	-0.5570789411890091
1.9368787108918353	1.0741717150357417
1.786730309723252	0.6314531941394385
5.133054827664629	0.08724079897417712
6.143195950200089	0.5174112393302821
2.0666444765886425	1.3588260010608946
0.2282102867101532	-0.21550767422183809
1.1558206038138588	-0.06402944512918482
1.4800117498053238	-0.46868776887162533
3.506005294934159	0.29639860945525087
2.8359440727545477	0.5166486474132205
1.6479063002791055	-1.3724962935306737
2.012106594650234	0.1694619369179898
0.17811580534622964	-0.9188241982463579
4.8855511781152465	0.5100626330575189
6.053429835958005	-0.9902304222429307
2.9542318286147133	1.1866191589158988
1.6138996301848347	-1.3236211952475145
2.325324711689344	0.9242880013904367
1.8739915519741752	-0.2485070488186696
3.0155298203143124	0.5395263635706896
2.619678733298077	0.7458417856482898
5.693270979694347	0.5893027444137825
1.7616751643131892	0.05507334004838545
1.7180153103696447	0.036701841099684704
1.511002658776719	-0.8666907399824892
1.6878628988424076	0.0693545825196016
4.128348015621704	1.2599665195133314
4.036865068403499	0.7779399230218411
1.854970406430403	-0.8212819241495494
2.2518372293419633	0.24925663765513073
2.9711502685899154	0.9459178258578634
1.327275424846139	-1.3174511217883107
0.013058468176028626	-1.1874640895473505
3.381549413279033	0.43019859944354694
2.9990358374272716	0.7170019935516683
4.47798216054213	-0.5475812318111196
1.1172531028280828	-1.281054743742524
3.634690244978479	0.6386631360370191
1.9505480203519983	-0.49281335826283024
5.409684557066236	1.0044293204858394
4.651210551013743	0.1273114708803286
4.6805363414957135	-0.2624416601041079
1.1382685365724363	-0.4955170856320189
3.704972586734936	0.5695447024954106
0.2464910767694331	-1.5573898702811741
2.9167461943872923	-0.062018980744209286
6.016398582025788	-0.2659559006133452
0.23502151758750855	-1.319291733954267
1.1436768595253959	-1.5455518147459395
2.293080831331915	-0.2747207376252075
0.8418439511489426	0.3004365320839025
0.6846604423969751	1.1155666185566528
3.4470777254324516	0.795579289538116
0.7041706689133136	-1.5710688003101063
3.46674421237429	-0.5030306780623748
3.610553994405583	-0.9443120799037739
2.6746121246893964	0.03240207476592573
2.014971984209877	0.7145045248884008
3.083811267129541	0.5158819448275161
5.708145931051656	-0.4557429548197215
4.33309997827791	-0.24008548296794777
4.871032749085457	0.11404231623015415
5.5252090006371875	-0.9248739509167199
4.706568238431207	-0.7526165668592458
2.402770107052024	1.0228996616445498
1.3482341806793068	-0.21725448645683784
2.7949740641706367	1.4418448687867516
6.13676222596513	1.1817977244127118
0.03297875717486942	-1.0376152294699097
0.3624162908703008	1.2514216510997533
0.37918233744830854	-0.4565911579192515
3.755712396231594	0.8701511189389972
6.12172625769092	-1.0517520730390375
1.4772759709426904	1.9059572557392794
3.132726582754847	0.826397599248912
3.9888662688447662	-0.32363419479719235
5.604251603104751	0.6299662354756985
4.105972843673088	0.8266096576367955
1.9112182718764057	0.06555296220861655
6.245243085587433	-0.7334611505318885
1.6883894862199273	-0.03375832836840027
6.273878870572787	-1.3701843328240118
3.353012045569958	0.09092858449363156
1.0707607183495211	-1.164210613946271
5.099679311606605	-0.4980827851868748
5.53206086964883	0.017770444181436005
5.79231139103013	0.29400426850164385
1.601236881649628	0.022082182780236968
2.350470201155842	-0.6025540133629144
3.826070529805783	0.8268923948923418
6.149310826140974	-0.17788339485237675
4.592168149831174	1.2575004933097667
1.887651290250977	0.5927863434103064
2.7255023522356656	0.613991598769494
3.3396452777627665	0.9627474047135619
4.715496287660473	-0.13059566954054871
3.6755902928393325	0.2970436924176048
3.2120074155893317	-0.061890636689173474
3.61640260204711	0.17066035789626466
2.9021768941320083	0.640851592056058
5.063765203549356	-0.5720184500432659
5.404839943738706	-0.08309589634287452
1.571408682952635	-0.5972527048326977
2.5336748050255355	-0.6198009660403129
2.092592884038092	-0.9001344590543339
5.505365060402521	-0.1684823976002979
0.09134183703122645	0.5466295727816132
1.1481781705566423	-0.9850261784888524
5.822706927230668	1.2951751508008307
4.714063963756228	0.07417643323773555
4.203571368709481	0.9031864971350608
6.282033911634866	-0.39824605589306744
4.6233251762977705	-0.4397056732091334
0.9159193431246111	0.06449010980976479
3.3961964820131136	0.4728880022341343
0.31387879919882167	-0.21271082608232544
1.666849437898132	0.42702071881820686
4.829192360668137	-0.46298366390722656
4.722243127736341	-0.25313739726485857
5.15098099303702	-0.42655154111670396
5.922717753324613	0.8286005148197677
2.4973294990989867	1.1243274198743007
0.6580578286568226	-0.9974132962838231
5.713330751374908	0.996023001185035
5.901241485482225	-0.9731711376035623
0.7925931302721785	0.5500910452733972
0.34117326082527544	0.8087660125014134
0.2643072149756609	1.0632399250320992
3.403261235013094	-1.1213100634801594
6.171212271137502	-0.5937674093845965
3.4722841065204477	0.7387942869953589
4.746405865779819	0.806355569722663
1.9490072041492166	-0.9261330477192498
5.456101455336494	-0.02256131466099152
3.3187440402116373	0.4686869548402697
1.5260895522451527	-0.2695284101383848
0.1801595730514709	-0.5415641007768298
6.238569415675444	1.3697104836437584
6.01224933805418	-0.8504451537479686
3.388518058165184	0.3211678386742226
1.0659171208180378	0.4354228379508229
2.9445230769219766	0.9859679823114618
4.122946829348751	1.1509800412656883
1.8800939850482443	-0.6764800399176637
1.6924422219051625	1.1285973377356755
5.6364963960706	-0.4419095089978639
2.337796649587391	1.1344512653945877
5.924823452576915	-0.5935607998079323
6.063453119529489	0.18391033422130323
4.558686463326444	-0.6933531389124513
4.686536345512295	-1.3369413950738622
2.038098756310939	-0.3266903388481406
4.679709663487204	-1.165248983543754
2.560084209682193	0.6013990457156186
5.825779084604987	0.3748862812865725
5.6430483014362265	0.950431180163239
2.6643916264418066	0.7124860313312105
0.33034431599361663	-0.8173187777935423
5.583523866368516	-1.0801259134272025
6.207716507235064	-0.5350214678341926
0.5737204061810193	0.7572513872669735
5.188856302054487	-0.4931486337992866
1.2473837067660858	-1.6614558755814928
2.056301526061006	0.3764702886496211
6.144239151644481	-0.48825888294756353
4.5430575419608275	-1.231501723280163
3.4908160343547454	0.48425151860409515
0.05318930438635672	-0.3892929876273012
2.410735714622689	0.6196495418881686
4.780315021534789	0.04114324623062375
5.654840775275989	-0.752305697951608
2.5597189372698455	0.14155541048948062
2.065266420208282	-0.6531420600013782
1.943323678297995	-1.7623971547254296
1.8378912058966534	0.8021797399933602
0.9245666833111095	-0.417368658775554
4.385100970779032	-1.171348777563369
4.306272479750512	-0.20825805710745915
6.250329426806602	-0.6982901567905117
2.961525718189156	0.8946062127141854
2.7668778737331365	-1.0366603696360024
2.756935152899768	0.36526710096283715
3.71384126433503	0.2962049386968011
2.155698968536404	-0.968697712593863
2.4182256430000866	-0.10614226730690317
5.959522413623332	-0.6637934346109907
2.7135841939772667	-0.056939771760805245
1.6518912978759994	0.26748057528458824
3.4007574071904676	0.10612938237434903
1.3545527550221257	-0.9876640357435563
1.7232738220804258	-2.245763551501599
5.749022861096856	-0.5196218827200626
0.508171813179624	0.4893728246319968
1.6759300484635506	-0.22323870673256607
2.7944711398718205	0.15993602099611426
4.898982435259194	-0.6622129158802065
5.105419531054755	-1.004843691413635
3.824360378382167	-0.7281140098269696
4.94869302893168	-1.9423711209896497
3.346504823694753	-0.9849152942614351
0.9423541724911617	-0.8368955004089087
1.850271037160141	-0.17506699121594213
2.0559422118624138	0.5079955558555321
5.760878229530324	1.0306689690648632
1.9690941802945643	0.8041725747440195
3.3380615761127075	0.13031832073175478
3.450619840516448	-2.0946514260626503
2.5473945344925593	1.0626231135414148
2.360080352295549	0.10832837467948175
5.696662926058879	0.14172560305966844
1.346107965387592	0.4487601538085989
4.91696481754709	-0.4216292077995633
6.139332470464024	-0.6202258715829624
3.23903942582964	0.2598528131018769
1.4167481323123043	-0.7701010509359637
2.699791722766462	1.7555124150248225
3.9714844214772516	0.03576157076613928
4.378573903597527	1.379209559523659
1.6989390938127065	1.4623590109164684
0.4198012116709888	-0.37311390384867416
2.1086919157578388	0.6443332014454718
5.666587093109339	-0.5261501420700647
2.118958779399014	2.5347809707517523
4.364636081316561	-0.03598061120357751
4.093046867396328	-0.6125293780950162
0.18160599172628267	-0.2707232356640883
1.9925095082698023	-0.0138532338160483
1.7139979849532376	1.2327579207624364
2.645718803471521	0.995489730548778
4.527841891988615	0.6826825263461733
6.067691729498934	-0.6876007960068501
0.8904593445378497	0.8050305064380558
3.3452836717739607	0.2696004393130248
4.477033921017394	0.7440667401877377
5.274686693842618	-0.9023754487990177
5.807041675736947	-0.5560031410612333
1.173628709563193	-0.34704457653191056
0.5990401671716983	-1.3343773603782259
2.701542617165014	0.5505943656017505
1.2924982589229792	-0.20066145500610538
1.7011848820370714	-0.5813696763356372
4.950187589093585	-0.9925597789325546
4.793656895574184	1.1740364946018347
3.521716372692631	0.5072890672098038
1.9236424693738545	0.786881516718878
2.6404941020618016	-0.06703167850270345
5.381447483957535	-1.4234404901232702
3.1401525268316477	-0.8593504459952229
2.882056102965198	0.5983843531910726
1.9309875209146101	0.9703333989441172
1.9928617800909831	-0.08090618923516009
0.6688457419632501	0.07332513638314
3.0206253818165276	0.8480555073840771
3.9272166045110684	0.31704006186323475
4.229769434604485	0.03338335828546711
2.7298435989547922	0.9597523355135934
1.4170879241480288	0.7172987426668899
3.424950980934358	-0.046219909530275056
0.04405799198914373	-1.6121478895222265
1.8703789590874464	-0.901464492641657
0.898583676631681	-1.3209933157927214
2.7043208174564963	0.9055856957131159
5.124001813169628	-0.37325198036071944
3.4436116048093033	1.2188833942389048
1.943711907288101	1.5473870137479644
4.17389053609898	0.6126092332006873
1.1292796561718719	0.5358789714720524
5.7617028353334865	-1.050510408660261
5.986733654483376	0.18235918821055652
4.9233531774290284	-0.15798681985391685
2.9067129938694656	0.9082484759629844
1.436067040199543	-0.48557948390228095
1.7544497866833406	0.28156329125808716
1.5515207375689644	0.7948891682246906
2.2330659682827623	0.42105401019348365
2.6626954439231074	0.6791286732775058
1.6763018795201723	0.19309592066251502
5.737223796511756	-0.49071114926581066
5.493340281324286	-0.554910494469349
0.7274347264790748	-0.6054632917550429
0.2080316001040199	-1.228835588582393
4.391136759515911	-0.31095297491343227
0.11169233915908894	-0.01301423226820713
3.6926992011928057	-0.20675508517775518
4.96398358745083	-0.2023854956391819
5.977505770746772	-0.5128952185011255
2.8407849220887886	-0.4168314863222727
5.537043270018737	-1.033212449259545
1.3707811289512464	-0.936476465771476
1.6560613744564137	-1.6522823651544887
2.77800688206791	0.4640776668385421
4.997428326866607	1.0021421389648846
3.1825139322307776	-0.16655486903640981
2.282890360544135	0.7741840390374856
2.6756364567400386	-1.4021401956947337
3.4624163599405606	-0.8572860626056392
4.21656882291902	0.039555283300230636
3.7382852758350396	0.7161693422525807
0.3268954760195797	-0.5863715352929714
2.674829632127615	0.2258342244205018
2.141026941878363	0.3259314261642265
0.6121369210966785	0.07841101485909416
4.354493748421022	1.1257678917416478
2.777340943345017	1.664571844139955
4.699318652438418	-0.8258922439128257
5.927725699919653	-0.5992786228405893
0.17411301176420313	-0.967332473258119
6.167371080755212	-0.2419807011393268
1.6304346247871955	-0.4643591712815485
0.051985329149404916	-0.37084996413599713
4.12045650901829	1.0612996600941602
3.955065144439621	0.031152227334279674
0.30971113888275603	-0.5570616786976941
3.520478727651902	-0.030156465993185798
2.4596741107136033	0.1937681701894859
5.354603288121709	-0.715980281086454
1.792575710275666	-1.1911898669626824
2.601219654561069	-1.9732118639916771
1.976073086335397	0.11094764460369967
1.581796475899952	0.06758788554748112
4.2429269015586595	-1.0961345291245443
3.1367828403772897	0.7273286033081395
6.166041911098472	-1.1000335398449483
2.211646299113756	-0.8199092639659046
5.9804136490821955	0.2311449590268718
1.4051698174965868	-0.6890447682894006
4.674516871890244	0.5649272258610752
3.6775797608411978	-0.3417479857489201
2.1633446425324347	-0.20080278870605733
5.012372898933482	0.1524336745752908
2.364881520126012	1.0630220808616093
3.4546427254573335	-0.3863305442369516
4.304793934527078	-0.604002475579712
0.6676569225459456	-0.17955968720848164
4.310454777837489	1.181606112095455
4.960060903670314	-0.9321525189084096
2.394208791007838	0.007016251202133194
1.9633795769984244	-1.31501753128666
2.405790993799236	0.19380182360275386
6.1317126822443475	-2.031622872424872
4.358318050372073	-0.8301297233325975
3.910372131357464	0.4906462414373554
6.2682034433946425	-1.0704423086958557
2.323578728742575	0.14935902110805957
2.949377716901674	1.0117311831290103
0.8702611267806022	1.1250044276412103
3.4655512501757855	0.8152324659469022
1.7083714096538447	0.04607840414677824
6.0515057757194075	-1.4138957764864861
3.470867064080835	-0.38465346830291136
3.4645704466160527	0.41664477332307254
1.8613062483178577	0.6270493260094789
5.802744094228736	-1.3009719223435903
6.0399118525087925	-0.872755674447483
4.624013546837332	-0.968489393046517
0.29491709075100303	-0.6957531158707245
1.913696647291258	0.2945668078280809
3.6562898103025794	1.026475548109188
4.986209275460613	1.115500939196867
4.768626666990679	-1.3501664716849904
5.131024930000075	0.4365601855506869
1.451759749745297	0.8934965385592437
4.301509544001341	-0.42119998191167
1.401448752525014	0.6070640425009163
3.557106794805894	0.2123196624655554
1.4025034496479467	-0.7211889366908167
5.444756935403357	0.640186510266143
2.2067924369849075	0.08891400276030237
3.697518247889814	1.7058356115735458
0.17207367624207404	-0.584156943278571
4.522609212794966	1.8277039061034737
1.1857661541991398	-1.7222002912192675
4.686953241255619	-1.4761576540876553
5.019493153137617	2.285478806496497
4.390339662931223	-0.5636825157231329
5.236863830564532	0.31378343159786853
4.2245263589360516	-0.2584526572365014
4.285664108992263	0.7401828168441075
2.467194717859954	1.4227572593553117
0.07010693625723796	-0.9209020650317215
2.732634095470262	-1.2148814486453898
3.5857858213695923	0.31056901580754065
1.4455676876689454	-1.0009130919607327
1.2684555990178534	-0.776952094139332
0.08900375689064965	-0.47116321106181414
3.6681622523820128	-1.4319943655866325
2.190101695421218	-0.542718915714094
1.0679476285354106	-0.2123327646044043
1.0464303069145835	0.33062417677242656
1.6128916370583246	0.17137078662375216
3.3540871952435305	1.1961408675555505
5.302582043957283	0.8164204030831357
2.455072121273087	1.05121260856941
4.702020834350872	0.8216612932047954
1.9344492875714079	0.9108963197491318
5.68029869486616	1.4644049544883961
5.993923928370342	-0.8209756153769582
1.805315726172171	-0.4022628744513193
0.8649929422704964	-0.26131768173121905
2.6940145254013452	0.3742983218441115
5.038208861402148	-0.548938116160855
3.311279678610644	0.6736583646954485
1.5410664864716532	0.12518101271914292
0.9984871549223575	-0.35844897384945035
3.191466986189374	0.695460496341748
5.584778736945109	0.1562770026021971
0.10742982113648569	-1.08497708422592
1.3870065279793462	-1.0480811687848175
1.0389452452657084	1.71389920998906
0.12051390843168175	-1.2738077271216262
3.6403591895962686	0.5421041506530884
5.1312072925479	1.1213620150437251
3.674367122837955	-0.165893198658116
0.48153690560597084	-1.3559997095160632
5.86292308190229	-0.7126516715722419
1.0344311623106401	0.1797185444740915
1.8248036844009263	-1.439379869715598
5.647831887224764	0.9454459944774639
0.2932736074916784	-1.492077784124195
1.808472405231651	-0.7817041157212432
1.2334016433409103	-1.2928181217376737
1.1665444027137806	-0.4777475107107631
0.14666933633729418	-0.5084297243839963
3.8079789527918546	-0.1707156869814533
4.9983550403759835	-0.1902153217901539
4.99813632510338	-0.047078241263716424
1.3348694716030831	0.0787258313759854
2.3553194017505117	-0.05148138500858976
3.3462557735712126	-0.9430827984790797
1.2645260232328335	0.22437898647616047
0.27429830629917823	-0.006052136203647779
2.28118411354003	-1.2112551367936184
0.555271415889909	-0.9483945108976146
3.8635350462759894	-0.35963147239936316
5.2951052451951615	2.4425144350718586
5.844755942990045	-0.5792993505826066
3.293400523994557	0.5004490282041831
2.026274055788564	0.7357026488387798
5.48497029706313	-0.9843185736473102
0.22456178889849987	-0.4960589908761724
6.051545610965212	-1.0305865038306736
4.810547744609419	0.007436856661403982
5.630618727865706	-0.33293304924546513
1.4006291839057754	-0.03834184718778712
3.574362392237955	1.0688038521796115
0.977902607512851	1.1820275469322339
4.9830851294048815	-1.0131836244180275
0.02233502852822067	0.2421313398678323
0.8846765769596816	0.38449961442136155
1.4700856368951474	-0.33223414205219265
5.5520803652568915	-0.397652252057912
6.228019525793339	-1.3868916036237635
0.4519454053336837	-1.3848647602867805
1.50174618263239	-0.08118512308329032
4.387013391303822	-0.47488197960656053
3.8566171829762315	0.5140079236126642
5.979508128080828	-0.8544608111681954
3.7259350396753357	0.11793476652709176
0.2603163382423004	0.147358939053155
0.4357627827129722	0.20788467585298492
3.3050925153941773	0.24974947672900072
5.961134557762281	0.1157681370380266
3.5709339229839636	1.9460775777025598
2.4382396234817656	0.9546716148875655
5.566800432616119	-0.9913076949918882
0.46757096427089095	-0.368437749234679
4.996351281459932	0.30831825167733473
5.684656016530111	-1.7705241314329112
0.11510958706413336	1.5578322699531215
1.9122857078035167	1.6512068242635491
1.2360925230918989	0.7666644323069813
2.868361289323985	1.5776813443069626
5.031613898212017	-0.9049921297688537
4.397543128024709	1.8633264798064644
3.01172091889452	0.4927610083134071
2.280795575373954	0.4533423963565166
5.508730009652207	-0.7594787333161158
0.04338507064867589	0.960193025073319
0.0886932644045979	-0.36864742781620163
1.5680112781873383	1.1543506579077623
1.6139895085590013	0.9002264133486942
4.798238756247472	-1.105579715946122
3.029523177674478	0.1700735632529602
2.1467510116828876	-0.06972297519584958
3.592489618435904	-0.4865538023696349
3.3808785491684477	1.7815538255456087
5.384320337754132	1.2860255706276056
1.2167471310241886	-0.23347793975492537
4.2586607774870275	0.2937110078705113
6.174904185099151	-1.5945382128590744
2.513869424823132	0.05971543506140528
4.879101585890361	-1.0278607634916128
1.15637037704934	-0.4129584197731113
2.0209778545411936	0.5605554211204032
5.122504770366366	0.31677509006573557
3.3502523954053385	0.17685300746362828
1.2746261048050913	-0.4631115692953674
5.739899741893699	-0.5657339927485581
1.6020720364159455	1.6484391616759588
3.838542825697747	0.6627147507993457
5.063684565807681	-0.5424637545563954
3.827999498511641	-0.41931684398606817
0.7039835850726472	0.7794777925619015
3.467621439172648	0.27103345521727823
0.6905768778500843	-0.6323184397874185
3.590112147251169	-0.009719527409041796
4.132036970953115	0.5017451256272956
1.4228942270018783	0.5118357638952621
0.32441627766397385	0.6870146432939728
1.0780453391734346	-0.03978549343806487
0.7980767330252795	0.3685075932057808
0.5164152959400754	-0.5907203216470361
4.778471296811029	0.9433990802385257
1.1321039471467582	-0.6498912510352824
5.44761985513942	-0.45562939659982526
2.572669690421556	0.410586217496146
1.5564551993646472	0.2881257506139046
2.413944267020798	1.3720793657481385
0.34689966321565435	0.3925329122307917
5.851482180478581	-0.8227362259143374
5.026850463619793	-0.09360220468125635
5.913768386568687	0.5734092222135487
2.0669692828266175	-1.1720643340490422
3.9641154399616543	-1.4688113070041433
1.3487687982450822	-0.6590895013947108
3.1882348494708808	-0.03601008684732523
2.9539744318671772	0.8820315697662212
2.891614486727031	1.9071574728089367
5.038259919575884	-0.4485590941180135
3.841301123515704	-1.2847773781591283
3.855979369801711	0.09139273369599968
4.183518891508577	-0.8961164053018289
3.2745812226337954	-0.26919294003801886
6.005815858804507	-0.13025797140222278
4.615375674486234	0.5182196314897842
0.06071430312831115	-0.5569475853047522
5.3777091198841545	-1.4497283425833274
1.1226875905834692	-0.4578946460745531
2.3071833229259298	0.8194284644249656
4.531011767416574	1.116450002963563
1.89087022185652	-1.1170806863182627
3.7252567631712736	0.7689752931985311
5.175603398940607	-0.38568141075745704
5.9713890881217395	1.1434956483530898
0.8797346100540313	0.5784888626426151
2.2306169440304924	1.4802619339605043
3.734845025628962	-0.39597796642835786
5.17352229773922	-0.4996300433669357
0.9637875202006996	0.6965561303573776
2.2209813092152713	-0.19087041256754683
4.980562955723932	-0.506837644716048
2.7203781634412327	-0.5669009316626442
4.619396155246944	0.268630923557427
5.84030460976541	-0.7944549947552285
3.7893957903240123	0.17163728845829995
0.37869848218327423	-0.6137159742370902
5.437042863808157	-1.1892252769030494
2.5900998623066087	-0.12270715738663465
5.380264754616119	-0.7915719633149529
2.805845588696762	-0.08920900225790927
3.128692092957318	-0.5793254531994478
0.636365388425272	-1.0838570964602428
5.122892521976183	-0.0022373575570525145
3.4842082669909757	-0.24997269115723747
4.570652061379203	0.5149247389351476
2.8660125038106834	1.0156809663541773
0.90133391838163	-0.6071948214243216
0.8889674639257662	-0.15496972453921076
4.47020187195914	0.35334340012224436
6.080809309420256	-2.080662687429897
1.3536425841544677	0.860338111775703
6.153425122079401	0.488326253532645
6.2451374605853145	-2.0209020740636614
1.0920077597264672	0.8195627927407723
3.6633138273478543	0.3506106660995778
0.7154294435273134	0.04289004483650914
5.947597867727763	-1.8567939189366724
0.004445538426991469	1.1381424402508542
4.001910747783116	0.5545591824729454
1.173903806804919	0.2774739792356418
3.795849727355737	0.46063930159267835
2.1677536307481615	1.4918161754721557
4.939409746795952	-0.2554817297036931
2.680941996315979	0.5877835109464403
4.9070011124468405	0.8584683328366741
3.643317172194057	0.3634832931128603
2.2590121681818403	0.5592335913711988
0.6706457754314972	0.13688182825188086
6.23759621119811	0.5137838551761776
2.6188761477129	0.04195516299827095
5.90606655644737	-0.4831619126089253
5.246009644945101	0.257194191983358
0.3714227632953362	0.4506432416254823
3.3624935952164132	-0.5188313314208154
2.401248989980634	-0.21679192889506535
3.07324335703672	0.06432045854676516
3.491277953568361	-0.9387380321648789
4.41130819206192	1.6078856168240023
2.082994930169127	0.501918027873266
4.6350802295542195	0.533919819414575
2.4069587438396334	0.5666407566944076
2.885497317568479	-0.14926454576114706
1.7398282207121003	-0.9157973985646495
5.813980447703293	0.6195695616166252
3.4368210338843603	0.047708293550365696
5.275955031464019	-0.012915331674812252
2.998351177960497	1.7348141067506753
4.808166864793334	0.2845215701032565
4.935664915600609	-0.6638821512608682
2.6326396713138527	1.3031134845256653
3.0982756861151888	0.2738782774188191
0.09312378605513327	-0.27892574417028826
4.412718485516514	0.5983548861658788
0.4022545844578014	-0.25073540678618317
4.357840173107268	0.12048540536786702
4.367717750902679	-0.4003887387240133
0.03515085135220897	-0.0002584416847428908
5.1358560142682474	-1.2258192724904453
1.1264206013234719	-0.6490678307828657
4.173401866995686	0.2771863206562317
6.145604050118999	-0.017158265712371702
4.958496370865342	-0.04362266872956569
0.29085067900166184	0.7536894392887955
2.9445104838005722	0.35737058917265635
4.927310513690084	0.5447788565499349
1.3438616293381458	0.38110226293362837
1.7883777172021835	0.4631562960103076
1.6176684083428974	0.7916601131118796
3.783191676988808	0.14141242589347738
1.8918562692988248	-0.746871074760351
2.801057227300029	-0.021545028821174185
3.9866584003974914	0.5477992469276707
5.868049938210847	-0.5159547666387901
3.3275037682833943	0.11674587163979473
4.940295905285915	-0.3760098403487556
4.768770467560936	1.039332401175526
3.526963640852348	-0.07238832695655548
4.980840282140248	1.17992455247705
0.8913313768335049	-0.11675935035041275
5.207297922752932	-1.510167800242345
3.600572737051083	-0.5672295447786533
4.948257360695488	0.6707724369880267
1.6604719315364562	0.574695136542928
2.099132804512646	1.2084025673772518
2.221546740328135	-0.049951115770199464
6.205306454326414	-0.3711916011280677
2.187296981601083	0.37829761581520377
2.1966067541062406	-0.5213483277847429
3.6485548260544367	-1.8682283116801717
2.3151761389031726	0.886946340110565
0.8905285405342696	-1.209638599221002
2.7985767891761846	1.805218025432426
1.3582292578892385	-1.6924701374871438
5.5172765681356415	-0.8601358461148393
2.5084179074098802	-0.3727017858307577
5.603147506441799	-1.9963792840377168
5.5236920914500445	-0.8959491025974328
3.6058213835945674	0.8719163005232363
5.375747959428791	-0.11726275187137122
0.07578478030963945	1.145405775887154
3.095646775286499	1.1679149108937685
1.9613494109616063	0.3345738094887618
3.0820572306390535	-0.3656846536628506
1.5989591356200155	-0.2587313812328953
1.2929604144093956	-0.5380731668473315
2.1301537547288554	0.1861147499835531
4.459695241934057	-0.9414722359566202
6.182434781619163	-0.1651916186172034
2.216847033394462	0.7129323667469046
0.6449245339952849	-1.419745722964109
4.296113761677319	0.9614727640820435
6.2206778110515	-0.07186477384958975
4.254761948319272	1.3312315992171422
4.536307885510096	1.028966160844544
4.636631025807888	-1.1680826010828058
1.4722273482374393	0.5880944058100577
6.220356697279062	-1.0978213174530371
2.831983234164939	-2.5729532434516544
0.7065693190155766	-0.4800898706933395
0.11516469134158669	-0.5077685671237014
4.784914948761176	0.7949748280457887
4.923962622429901	-1.4526052733272938
4.344401807958668	0.8690685244369292
2.707249555994002	0.39356294248524637
0.23674234288241802	-0.09627879559200572
4.4524308990954005	1.548047943405645
3.9672780636301015	0.3690779519193498
0.8266874910975908	-0.38115632935844657
4.128628498413175	1.5328601629564844
3.0981575849583596	0.5296852912811597
5.938543166180175	-1.4384110841404638
6.11947989369298	-1.0868917848342143
0.8751890295370472	-0.4700829721261992
0.007580381785647461	-0.2970557098613192
2.498419304462674	0.0900200432550126
4.428720201181411	1.1276158386061452
3.117755359606223	-1.307824477405943
1.6353606649314845	0.6923507828828989
5.9627075679973744	1.0195270221163162
1.3549028243057104	-0.2903134662550089
2.0764180545192783	0.6658786026580437
2.8717579641976667	0.43032591056536323
2.036092495805013	1.1237833954260115
5.464086786570743	-0.9143613369966289
4.928251234593031	-0.7887426904545052
1.7814988314976032	-0.9627635353186406
0.46997517290342006	-0.7747614077871167
0.5356640760954426	-1.1573659947791393
3.2407376424290657	-0.07207768950249965
5.844188134244403	-0.90889655939778
6.050601849924514	-0.3204761375680445
0.12665297085205143	-0.5346665711280848
2.9213064412813576	0.0450244372320968
3.356058786812893	0.9851770724922139
5.4611427677417375	1.5631647609602393
3.906207425324422	2.117164286617471
2.307038015954241	-1.1194674789544017
3.6756029366499234	0.8074657237216827
0.994422736338783	-0.9544599371223375
5.83920734795403	0.1493517829226216
6.1169056850991606	0.5331628657364443
2.445882105309067	-1.1210998124323304
3.2903751627267646	-0.9687960860058111
3.4428120059830247	-0.5008134094324587
1.6860075110117911	0.47368918956355743
5.930918079079785	-1.2935593111735506
2.3617205168030377	1.1727533599372444
1.6336473095442248	-0.5883915949177927
4.535284759732883	-0.22154258388532935
0.5123600327237874	-0.5181303232046525
3.462105921433394	0.3885239927426671
3.0064632767277844	1.3132049492496323
4.229310590114519	0.7499082583198184
5.809387744559814	0.2631892448181303
2.016298106301174	-1.1428169205212957
4.853966818023959	0.23380725844398104
4.919782158001089	-0.06136106936143233
3.4016323125652743	-0.5590805878235735
4.709382223717418	0.4251450334656742
2.228828957670621	-0.15348140731180407
3.7478476247409684	1.0257724592920168
5.245645931554707	0.6599170396394823
6.006329568380452	-0.6821442659736984
1.6679848209426007	0.553531538337877
0.163773147965669	-0.9289813666227469
4.852273156141935	0.2975392029093107
1.8045444858853577	-0.772774225438853
4.933481383983146	-0.5303373340611606
0.6553895737246584	-0.7237332662619117
4.171222290298941	1.4357008565066038
5.38899835432576	0.4583594488297616
1.618824179867894	0.4449459389370994
4.8640910270885955	0.670420752241923
2.055180564071529	0.9719764638270691
3.1366935487281378	-1.2088199287243242
4.655588248588231	1.015410697566347
5.544806128494226	-0.12267999940828944
2.283739015863904	0.389730511221741
6.252448852736104	-0.06285146082166249
0.6608768049895231	1.1367001277388484
5.165365714878926	-1.2224463699496704
0.4086659493881877	0.04109935396901401
4.757238236894294	-0.7550429344701107
4.938287741704663	-0.4920491899345308
4.0878062066147365	0.338143273242498
4.0686119908919665	0.544059079371503
1.4974988021980238	0.729474583738258
4.496917624577273	1.8791770491824644
2.134807984585443	-0.716569739882356
1.7980485835308304	0.4786265774979163
3.3156886216270234	0.6261305415833878
0.6209582599181147	-0.6492416530763977
4.985757390105893	0.6961966777970038
1.8087868598950916	-0.5140238470283598
4.092429061309704	0.7078509665382761
4.421152430820726	0.055000251487584854
0.6911422449010578	0.3769674934540845
0.4933602389756411	-0.7167803653077093
4.690982145773374	-0.49204919675932063
2.4783165644992327	0.48620888628318476
2.860410185646443	0.4505439583418562
2.4942768830097157	-0.4709872228530806
5.515908012683855	-0.8625993774864965
0.6921473802212219	0.26681341627407895
1.0278113851336919	-1.4889119954683878
4.353536527686964	1.4545678558566704
0.6057357965066057	0.4946336683849445
3.2758446270111943	0.18509299154215952
5.507506036528848	-1.4272706474833317
0.690912145398773	0.3255060914425393
3.5235440995415703	1.3073446965112039
4.0596878567908705	0.24729599275761915
4.715640207288467	0.20650598557556105
1.341539333611693	1.5911897910787596
4.54782402503277	1.4653094597041563
5.963508864180241	-0.2987705573847148
3.7811505869520747	-1.340003918340187
5.654696663568225	-0.6695313421322211
1.1115038333741385	-0.279323341490274
2.2778569855451067	0.3007231721616637
3.325949434557376	-1.1727719106641583
5.832370247001351	-0.6544369505641033
4.694257529985754	0.2136670558412774
2.065435035440464	-0.07326711654972717
3.9096936342179047	0.37085951898314445
5.447792693121994	-0.8514365277517877
5.159016184476424	0.6299919044123624
2.4633903873064344	0.931248223694263
4.765831768929271	-0.7657845420402094
5.223912012409528	1.0703273953632355
4.740491100304437	-1.262144859936886
5.368133444585342	-0.4903642453179632
3.4842842868179478	1.9711476400640373
4.410699630737249	1.35136419187482
5.95895104494285	-0.7092682661608751
1.901362885081927	1.5149454841726857
5.9312073110321055	0.36812146569776505
2.000890021924981	-0.9526041608456738
2.306179264585765	0.14079265763450088
3.0713318331412904	-0.014785060136939053
4.421130794674039	-0.7841786525231245
5.6014097115256405	-0.551373728970342
5.781097685635199	0.05710644601935865
3.632281626909366	0.3903769424220498
0.44401940042857646	-1.6006808452404258
2.765265283790397	0.6115977827616094
4.6570489574480884	1.221201257678156
4.222169447974132	-0.6236864735686373
5.25199490797488	0.09480736521833724
5.314072408941348	-0.3962874555567212
4.9917760127616955	0.11762449345713354
4.890838047959135	0.879786819200976
5.069241695626195	-0.7879698109098118
1.2635453838150432	0.4886661219448293
2.368950979351767	0.40603300055023867
0.24866590882768413	0.026707010546382564
5.75229518651571	-1.3037773391170102
4.758052483939288	-1.3927992385689238
2.581748889082829	-0.9716301414002941
6.234703836414948	-0.3144266189252986
4.0086919951345745	-0.4787099457190705
4.877509816510784	0.43946574148296985
0.9586486701921899	0.945008535191004
5.98216005659388	-1.1174314850783569
6.0319937566037645	0.3408352708158661
0.7816952335669711	-1.077303438634025
1.336646962367766	-0.4047717135635028
3.6363965295776532	0.0389598334139259
4.8981300021926355	-0.34105967031898515
2.4939749832448523	0.7309219767508791
3.0952364147198947	0.07134385627557946
4.912784222367085	0.2379103892206787
2.496569258671657	0.1829279410839507
6.115775247524953	-0.22982758186520624
5.708290382398849	-0.22004197284670352
4.270439532894976	-0.5067109992726941
0.8735813909012755	-0.031862627062568406
0.5386248714956562	0.011363006912396882
5.758845876791295	0.5147234013768744
5.0216825634862	-1.5113197958425169
1.7837196506208173	0.3691360926901403
1.941524872070362	-2.1941298996544085
1.932863622196729	0.846870855730229
5.972792249609564	-0.6536359199336944
5.110974990960582	-0.17744993718315352
3.076847987536028	-0.3974501142950197
6.249431659122917	-1.0447082005239883
1.0179278745383211	0.6696035288284429
2.944708482773512	0.7355683858222234
5.482035799521966	-0.19575395588516278
0.597753275018527	-0.4098405196912926
0.4215220442837371	-0.3454948740573903
4.236062458284012	0.18067514257725248
2.954059398789482	0.6417251129733978
5.821824785562985	-0.41434612720339437
0.20348192644052787	-0.517200599989395
2.7816038612328375	0.05557424553686094
1.190796620573611	0.2800800185733689
5.255454360630919	-1.5179373833486092
6.112269357698399	-1.1091946668481074
2.4551278157750103	-0.11796189179972459
0.042266164576567025	-1.1205290927849745
1.3004668174525893	1.0297702033179716
3.1240078740757298	1.0648998531630562
0.706659377782394	-0.19976675611236291
1.7287037978184525	-0.2693924086964393
3.6222881500153363	1.1122790950244064
4.910508918289828	0.0037598014924692265
3.1851533200136117	0.5414754224891253
5.822739162027692	0.33668166306071495
4.354831394007938	-0.615408685012535
5.680609501697395	-0.5513446298209033
5.408328203336277	0.5251426186173759
4.814467450165411	1.0101990064339132
4.723504386647941	-0.34162286691270033
1.5591817285699738	-0.7013671425571153
0.6849412146613387	-1.0936362666139126
3.3324691445398447	0.29141442709016185
0.8453035662138223	-0.8803945010423876
4.515121896393211	-1.8050992064052596
4.914740334287981	0.712406764847768
1.9530975709507676	0.3500576773497134
2.231718536599712	-0.12288989496844442
6.015552788051557	-0.5250854148270312
3.2262224037076312	1.0779238570603045
1.4452754329353104	0.02044461443390967
3.4825487509326205	0.6356707009080736
1.404991579288497	1.4327401436898097
2.107215799239091	0.23495358577574826
4.34573113440624	0.0049566039459744814
4.643913950512094	0.280924821862906
3.488763051315507	0.5844898520206251
3.367906494466171	-0.27805161667292466
1.6704530356605425	0.8211748528837097
3.2213598117401006	1.4871593974103317
1.2605151513746007	-0.29227243261832825
5.848110591233689	0.14631991612284218
6.159556367036914	-0.2139875698024891
3.6439341137977093	0.5055009911295962
0.46009856341677313	0.2240415768234248
6.028859187913133	-1.2932204088675714
1.446719316628041	1.1443815092849174
5.28179656483197	-0.27495401806518505
2.234760415406285	-1.0801194632863496
1.3503654949088517	0.6862179385794481
0.8467293705685472	-0.31289965118991847
6.213845249113041	-1.0306282141343748
0.25055934867844787	-0.31627884786121113
5.623058739704494	-0.46672376690828304
2.452894219076386	0.04205743256604283
1.0764816483848367	-0.3915365124212069
5.435604718157798	-1.4396635319634752
3.3254314564681082	-1.78801598908015
2.3346612577018693	2.0997623094783866
0.9429291217190562	-0.8300286611346742
3.0518482680026366	0.8971978784165556
3.8325997074142535	0.33218276172291683
4.943064572668178	-0.5951420383307139
1.926270764448697	-1.6146714348838735
5.928437017372989	-0.6501755158212676
5.207077409305388	0.18082264355673547
4.820858490126288	1.2724523729571633
6.212684067491762	-0.33863255826910826
5.370521415540989	-1.7752881498218458
5.739531679024218	-0.741656902510417
0.8689144494479529	0.31460965610577485
4.142914407875328	0.4729845581315231
4.219984392283681	0.027799223579543644
0.5323792993004863	-0.19717991543470145
3.8783198902128415	2.841665556431894
3.3329511503848543	0.5558601876743778
5.9987581820463465	-0.5448092023645015
3.934775116741552	0.3365941187479265
3.962044497308213	0.6506681769070857
3.8414372209714753	0.29898911756639684
4.400349551424077	0.10597423101037896
4.354835769408409	-0.6522004028255732
4.363775058909917	0.31186160115140543
1.3306134776739267	0.646329144282239
2.552422283980498	1.5793670095506114
0.8913158681611044	-1.3300305316914998
2.563504340419931	1.3755768533704085
0.41783959285871575	-0.49201756430835636
0.9508501873294506	-0.7428139791552204
2.868700651852663	0.7071479852649433
5.694807922130046	-1.3828221186205418
3.9360086523004907	0.3336291084875542
4.292082596505211	0.792771670541057
0.5607169944921736	-0.46410308242363774
4.917514268886321	-1.3924403173517224
0.9345654386913518	-1.3365390553847625
0.9417980171885851	-0.46048722222247657
1.4694973302603813	0.1472674133581306
0.03901942953690575	-0.051243591494666396
3.3405126872031103	-0.9628755327628332
2.6139340860851554	-0.6351335140065694
1.297308938853413	-0.11365342488683311
5.499446343256723	-0.40863571988462977
6.151381700919366	0.3922061265722722
6.279207906512882	-1.5266612420206176
5.713844670036314	0.14567643528822283
4.500678314833269	0.6754730157083259
5.72968646149404	-2.101728468696532
1.1436105550949323	0.5381424479559521
5.530423640946877	-0.5583325435593646
0.8176053331543907	-0.6063512268750589
3.9509442384825224	-0.16196138555205353
4.447961834586295	0.46929636873703306
3.0081778590574206	0.7005671156821569
3.0322776810767627	0.8460695405137845
1.3356697424029602	-0.1347954891738045
4.390994364510885	-0.38913277864974455
2.895127703819867	0.7356079746048562
2.6628911391245618	1.1487288748813709
3.747538378066457	0.5271336302530845
0.5991444946645803	-0.4471171447826392
2.2927752732987314	1.466508730096315
0.2910089648005476	1.2527888314979003
3.2759290603064035	0.8781587911394225
4.387037257527758	1.4311368364597739
1.069910158752636	-0.2022076301953463
4.4224264276834555	-1.183830491533464
3.5607886731786884	1.2201814943229599
3.409667449349969	0.46432904365994204
2.2882751354862787	-0.17590909551980796
2.812407394709467	1.1745312022320966
4.3694558201340605	-2.156238224595273
1.0587403350451723	0.21396133894138125
2.7314423149072464	2.152964225473
4.860067621846216	-0.29825752841102265
4.405706323127175	-1.4533373157468086
2.4468526157029515	0.36742852250502683
4.903154783388795	0.16469589509115906
0.4815183914265866	0.17157178918150467
3.0086923558616365	1.84035903326947
1.9041161326354008	-2.213159354847516
6.145941184440584	-0.05986947953601939
4.672515597424919	-0.9046123812074276
0.19088528753283995	-0.6689179963059242
5.981727994940947	1.364220887728585
1.230994048587358	0.2883911562105088
0.9082164981915559	0.6161658526126975
2.7728730852821233	0.06772448332745058
4.925192511278449	1.44503039345658
5.031861787430777	0.44993928056183075
0.9072467052388812	-0.7345579829867743
4.471351770861024	-1.4529119808641506
3.846239821429191	-0.45250444908168697
1.3550747712773834	-1.1864532730418362
1.4082438248698506	0.10671152472982266
1.9579631210983761	-1.340912839855012
0.7085264472768431	-0.7874385909684629
4.617974008087433	-1.1935418152323052
5.262382262716079	0.13152146170531098
3.3025476439399046	1.5587308113821334
2.4335038821740724	-0.2179442174497599
3.7255524727143996	0.5586067991239895
3.025329004052247	1.4558050117937948
6.230477511072245	0.0763016323795932
1.8892450904853497	-0.9995990014146434
2.691053933414304	0.555487839106852
5.118449828111052	-0.7448363877054542
0.061565776654265214	-0.27933109107880977
5.307832296113865	0.1736983518543062
1.5040353739994545	-0.8562684389246525
1.286815774267859	-0.05143409835544396
5.938809900879735	0.13903532640633048
6.068152182197002	-0.23034918789511596
4.839360182823772	1.9881553526829425
2.101964669342113	0.9097737437336572
1.0209461500576693	-0.07950477041386066
1.4239617919900702	-0.2999587847823002
5.197182930793305	0.5411689584738683
0.46942689858677594	-0.5150254904666414
2.227037170852755	-0.6262448911582776
1.6438836517516888	-0.5789642478695628
4.795507672094839	-0.7411503479213496
2.352761459020284	-1.385570737342196
0.3786549128976347	-0.49439780639460146
5.085430137696242	0.8241440110950832
3.430196768108434	-0.4551272121102027
0.6156041072712215	-0.919640112801992
0.7147950466001189	-0.4026010315669163
3.771979231980552	-0.12352468734570217
5.48058236196527	-0.44690449676082045
4.975486381966698	-1.2773994115402172
0.8587400139874903	-1.2803056986347123
4.668582886797862	-0.6356017856177135
4.077358313219161	1.1444048716122996
3.0520556660459515	-0.5040382332202913
5.063871549632821	-0.8634278848790667
0.7160171655708307	0.42640528355481855
5.925757692792034	-1.3443153660659373
5.068372396973159	0.619072154741652
4.604384522754527	-0.7525629140532715
1.7179642173750125	0.12733921663231015
2.622515787467204	0.523660240683324
0.8638768241339072	-0.3780037542806138
1.8116477282443242	1.3964738135175414
4.91175152594245	0.6091481905382219
0.042836082817157006	-0.5441594452758335
4.379848795666041	-0.5239570682100578
1.4722564282016855	-0.40933516072700665
1.7899669613594362	-1.3170244167407736
3.116006756600984	0.7818962414565304
2.728523416928613	0.8047213662031443
4.103260187144658	0.23749533587008895
3.373866755678093	0.9033940412289243
2.60330842328261	-1.3837872096737256
1.9863244749647446	-0.7046376290024148
3.888988347087033	1.1884714846419042
0.5025946695776211	-1.0926649354463913
5.182492467787466	-1.3543356825557777
3.2348838971768785	-0.40510063418174214
0.9859224723521754	0.008170849259744045
0.6996516601839433	-0.8356087228190044
2.2180403158917463	0.27493113909901606
2.643680559312137	1.1348615542034062
3.2006787434239072	-0.14057974028303055
5.987317183023128	-0.4468349369434709
1.4680619341527072	-0.43563793017901536
1.625551837753508	-0.036549330785659424
5.571686016087562	-0.5319322176188983
0.9365489681980161	-0.478050864647734
6.2412025126724044	0.681212968595154
5.249246042211829	-1.3042544954184532
2.651434210960495	-0.7813201754787145
4.0639874821294	1.0476605818821898
6.076787054027863	0.8606365869159239
2.2236882998782845	1.9240132539241397
0.08850985083143037	-0.9511754469695043
0.6041531444985412	-0.8193900219862685
5.179495959757767	0.09516822600810274
2.3443991417267935	-1.6246925887957753
5.264085810115179	1.3148280367800436
3.6244429662850437	0.3355307184978211
3.9379572908950724	1.1726599326007732
3.4336062411581025	0.9447159464365931
4.661500998749469	-0.8634315912018852
3.74106422405074	0.29006407794902517
3.0331141000034325	-0.2361954206037967
3.5153927197271226	1.4783722669169033
4.977449975318079	-0.6391520868917536
6.006801589955292	-0.1266004415003418
5.743417018995785	0.2023880890965083
2.482886744873295	0.6170846339010909
2.7464668825326375	0.45272609681064335
4.751594661129717	-0.9532791278206173
2.7472199879572834	0.5362625725100947
4.191016656282074	-1.2627237861306175
1.1559763500951792	0.43725385959226554
5.250611668043463	-0.696901506907445
3.715751216990098	1.3551372927964662
1.84040055960938	-0.3048025584234348
4.324160117774294	0.27316676403761164
4.436445698995433	0.36932533567589826
5.531652121424881	1.76060478003143
5.563840691198966	-1.5597499181374324
5.992382437173714	-0.619065320213899
0.22216260960463163	1.0926522169192503
3.830625342046055	-1.1567254148071398
0.4588135178426027	-0.43251633417018626
5.073985312503435	-0.8245474327182201
3.09147553441178	1.319510424196541
1.2657850646683855	1.1429369745543
3.3862109158026827	0.4232067075377456
4.570500389949161	-0.3355434424223
2.8353550134124994	0.7639351278956755
0.14370549466264926	0.6616690949589695
1.2372121882251879	-0.092398666052522
2.5065155751976	1.455571071012951
2.600841017893802	0.04298337256249248
0.13903776975508744	-1.3732009572812969
4.8475372900504885	-0.032884858376952285
0.5125522735743582	-1.0809928894743195
4.200526768754806	-1.5015254820027375
4.890910552965783	-0.21509076185683848
5.168820538029818	1.1056136134753454
5.8266006202652525	-0.6052217407560688
2.685803169983629	-0.16745256480863452
5.6721247556181655	-1.0493698216741627
1.0363491314611721	0.554720684800738
1.5677063698991889	-0.08486612858112284
2.6902832200800844	-0.542179177752445
2.5628869466200492	1.364502044240996
2.2573228541159853	0.31415461259284216
4.902363663059772	-0.21067981286516935
0.9667786714647253	-0.735310648072698
2.978174542227368	0.12197319523787378
2.362459114477698	-1.1878734619905111
0.7746739626745338	-0.08154096027545606
0.3498920494400734	0.17985834050050292
2.565407801999651	-0.7982853524446342
5.590528566991794	-0.5629445552432489
1.6196966850187795	-0.0577218643563193
1.0051436011389696	-1.2343580211078413
0.8635111109190721	-0.6855009191504406
1.2208846653262064	-0.18577494263188757
3.4534520174235546	0.2599339310338385
3.823020743935495	0.533276710106581
0.4620038356603695	-1.5644323079527465
1.3562491780683246	-0.40944371303489885
2.98745977978931	0.47084489187971634
1.6348726792119606	-0.5347145075756483
0.6389995384196183	0.22770011014539665
1.6149791998349636	-1.0493060216134
0.24247442949552017	-0.036667444241057855
4.254793993650141	-0.3896903477739568
5.961322155439005	0.020897490114110902
1.22003589385886	-1.276414383344292
4.345046465816875	0.8963466553613669
1.619618480821384	-0.21713560343225244
2.0675032793242476	1.5096022400181677
0.4992473592111244	-0.6185494558852883
0.7009885892600112	0.7842981196043595
5.554081551283235	-0.7044766702859501
4.61031401747869	-0.014958041724213547
0.30911257471442166	-1.3412624622552873
4.524788514735163	0.011863574440095212
4.896057862083046	-0.34774217370017113
3.6116884980611297	1.298951028219578
1.2871688545584261	0.47735518833849855
4.463911501966399	1.336487295075203
3.876559226533745	0.11690907338581985
5.1082551946360795	-1.05196717285851
6.167632300449047	-0.9828472504563085
3.9519023283050307	1.4789289758756623
3.324156889524067	0.11095649557355086
3.0579840197340165	0.28610234987637234
1.7045734303389946	-0.503279543062626
5.488788148706099	-0.8114129928770275
0.41095047205761726	-0.6513936919368325
6.02894189272833	-0.5988009059202271
0.30246298494422064	-0.39109094651833526
1.9356766844035889	1.275911049753364
3.4491625344991643	1.4138708224934522
5.797988760784229	-0.6272332154136688
0.12164312801754384	-0.39340194734243306
2.6452332347023315	0.20360661979574574
3.898566262225385	-0.7871825001944196
0.7120407757958462	0.23932209169774452
6.244258731238106	-0.07679482059364137
1.5502905936169995	0.0022694177830205886
3.513744075098731	1.0130872118270058
5.113768226098271	0.1130574049072849
5.847292456171116	-1.538678011347538
3.113276125302315	0.3161453638213777
3.562595415576274	0.5543885507920989
1.4119361086739097	-1.566620087043632
4.561774852896393	1.1913144159262823
3.9085089944637526	-0.2242786980137876
5.72789898529145	0.8219044100459664
0.7456472306695181	-2.0332321870855807
1.7396254889218863	0.5765881699304582
0.2793403744423455	-1.4839142497086248
1.6091676433853381	1.0186196124992097
2.7330983738797494	1.0478922935240096
4.907754172952538	-0.2632855949357498
2.27066100473995	-1.034739726966595
5.183460701735393	-0.40159550185129933
0.3603505068822787	-0.7488759138618128
0.38270426008527636	-1.498830720459885
5.450815166779259	-0.2967600941638592
4.919586715998072	0.05570256326286042
0.8014108957904931	-1.2735431452504045
6.208242266422696	-1.2876192413759155
6.179330751805999	-0.4680542764122206
1.2681367633631533	0.16032787636554618
3.012944788711426	1.3295542805347862
6.153907051070499	-1.3612211139222017
4.40007926611881	0.3045203284562899
1.6188828424465256	-0.5223978126772536
3.0795513445119447	0.14660193406487718
2.5223288112940625	-1.4085616303177408
3.628643908203898	-0.6270231294932083
4.226316755095942	-0.2710589650714129
2.6357486314118326	0.7014522374181812
2.730110108897895	0.2624320997840026
1.3168602122338093	1.3756342337539456
4.761853728970176	1.15713961848638
4.732729915491989	1.1662435535689504
2.5924862433991844	-0.5168654282892807
2.106793385274919	0.40522394415663476
3.1363755707260834	0.3639060459464162
3.2522371669701076	0.007521695449502646
4.628798985369609	-0.2384248251518185
2.9097424288158074	0.6749107524210498
1.5452400227077954	-2.09289801067832
3.397678552917114	0.7821972115083816
4.820769422319206	0.6800929873163276
4.532621156711594	-1.111212849984332
0.6198127146669341	0.7044635488316344
5.290651125429019	0.005770936072622425
5.951188367504416	-1.3283768822028046
1.575552820831911	0.35158071801679863
1.692213266394294	-0.03792799192901478
1.3844104193737108	0.02741031006983533
0.8478000079044341	-1.8536043913977043
3.649576248471074	1.1768881659759287
1.9983292431778712	1.0177091957211346
2.6964375146988075	0.9430568765533973
5.793777328309195	-0.3606277512771416
5.161501053300935	0.1054240977249784
2.562765170392904	-1.4624149405214029
4.435150424394521	0.9943190826153006
2.771293784486441	0.929961219863626
6.012518273382923	-0.03295583734077941
0.03914165595119723	-0.5644160191560348
2.5574227956860813	1.1303880130663322
3.8323794157528273	0.8048170267979688
5.792856172965827	-1.8627083363823247
5.879649142794319	-1.4115028907598546
0.3029730659562535	-0.4935564965846471
0.27727085803426554	-0.3301289036527633
4.476279958995947	0.050405834821227416
3.532587694360786	-0.08674405286657783
2.1617705848294397	-0.5319191065833508
3.392436879661502	1.1095936327947846
1.0430721804617438	-0.8613739432591914
5.945246121621965	-0.6493958656509756
5.266860793109904	-1.8268332957692983
2.639295987853652	1.4348328098976457
3.7496488079883274	-0.47261863838206974
3.788447200825323	0.6548630687816784
2.379468398946588	-0.12995469826774117
5.460573609388856	-0.5950136819052911
2.712003041008469	1.2611470685922928
3.5570030584912957	1.4483229379168978
5.726645349917769	-0.7534527312773224
0.166551429907833	-0.547517104520803
1.0960676460730134	0.9014799288625059
5.405997857825539	-1.207550951244215
2.6157364309411424	0.7765554880432007
6.134285550014643	-0.8465488193011524
1.4079410175910594	0.8700029088434214
2.486519617190716	1.685454563725678
2.933849449564251	0.3692512226786296
1.906087609924004	0.654019921965038
2.210063077728143	0.4906626031946842
5.5465103923991	0.16816363097045217
1.1917898893167465	0.11624058914210693
1.729247229818366	0.6588679538360235
1.0002335618503126	-1.0584566458770535
4.108502285881932	-0.41135087148687
0.5946102168956647	-1.834702548911314
1.7504653695237629	0.9054145529498397
4.9994257297946	0.7091749794524401
3.9481599027783894	-0.9579831171991612
6.115586251261165	-0.7847892178753915
5.7749093168395715	-0.767645486662866
0.11426792373239358	-0.01894198514862313
4.4923726414407525	0.38302242561185323
5.555851956122495	-0.6528386642110666
4.114405843188593	0.8205390080010374
1.2500444640830777	-0.43481810711613844
3.541076910835918	0.38513025648495025
4.563829330640231	0.4149210148480581
0.7361057409766895	-0.7250671854243385
3.750942234760986	-0.14253146298148156
5.36868046360485	-1.691650704713768
0.2722605719109129	-1.7713269250644392
0.3700554673184637	-1.2998741940885796
4.720069327075545	0.36461398395383393
0.614564345164581	-0.12173414009663167
0.7548714299177774	0.8589016207938746
5.23949175294554	-0.9665549893250684
5.259740128761338	-0.19241692321786052
3.2121814881207116	-0.21546259909901624
0.39084336006997766	0.32716476031709285
4.274963695331671	-0.7094691916053225
4.927847754135861	0.4180827714028592
5.653866702001738	-2.083427245143046
1.0627751765901596	0.3417790933021568
2.186923757336695	1.7767238942380865
3.7042578982479495	0.7246324502508259
5.1587068557862015	1.177114682568042
0.8775050791114989	-0.7900588130647712
5.543028074920035	-0.9803964380127996
5.965038047581687	-0.31186098796473716
5.170880596342025	0.7120556949333292
3.2447644481558457	0.33222356166174943
2.3278495974462388	1.6814496640797474
4.834607107976918	-0.06531438729862465
3.325926378609261	0.8482921896279558
1.2785255684207844	0.30995076161791146
4.287494826332706	0.06459859925374803
1.0908045796944168	0.6492421625480566
1.645426369339047	0.3166255724220076
6.265795522662719	-0.7302665187153289
3.4827017615056004	-0.3606925289274852
1.0362527607172973	-0.6600053020947017
2.276357129206845	0.6336441800608038
1.9332875750738516	0.16774206173392828
3.7432241882876998	0.749715698676971
1.6522633138489589	-0.2693529486245987
1.020138323871949	-0.32556192558451974
3.8871355384775157	-0.8089590861487592
3.311270589243697	-1.55471162456485
4.933506530135377	-0.26766668138035515
3.411048731709766	1.052822565304639
2.7003893523238247	0.835012811290597
2.2933696144709854	-0.2789787406887137
0.24883655694437115	-0.8405063655825589
4.113097625553111	-2.1692864777805263
4.707319895821376	-0.9174423905236082
4.947058670664682	-0.007489406574251066
4.40873182259619	-0.057866697475003254
0.07359220997564897	2.4758932038283854
6.210092033306167	0.20731536242888032
2.802598959836117	1.8678194354207645
0.6568594932458566	-1.0785140682477723
5.6095775475711065	-1.1698224981499112
5.804900115158559	-0.8147188568069281
3.066310346868992	0.37056794168087986
3.949802233198835	1.285443963123727
5.755217143775982	0.026145650996710002
2.3205069069740674	-0.5567122288060902
0.7630555151872898	0.40695349426834115
0.6429609499538778	-0.9783159873470788
1.8344748383762113	0.2887004603677186
0.039326509652049424	-1.0721052596033462
3.733062735468372	1.2026117068404831
1.4710966687455977	-1.1499069355365912
5.7005218517668315	-0.22021482846178245
1.5762914759115585	2.270127860206825
2.7892592082241316	1.5028614006903938
2.924394577301559	0.12241574790817873
2.002007667332806	0.6693015608388013
0.9544334954509548	0.09905457048751093
1.7893179418288527	-0.865507006532526
0.6873876417585104	-1.6262268356712797
0.17320617183555065	-1.5222385998606185
3.073626855205788	-1.0359953613681785
3.6540882747039682	0.028213012317206323
5.268611626163923	1.4737116004686388
0.46174509646621953	-0.6977751429984619
4.641476084306046	0.1597660645418692
0.4035989252786385	-1.2204728468480992
3.2788068487750706	0.7594384749495435
3.4476977664004984	0.010433711918709598
0.834473556581167	1.9506517355516724
1.4183082201410198	-0.49724116250880035
4.188257506680316	0.4777261373423573
2.8286162645025303	-0.8280877756446734
1.785265994428359	-0.14682352460704115
5.029398584983344	-0.5079225191814425
3.3134078209211513	-1.3035807502518175
5.737702351141664	-1.930128870614846
3.613146269715181	1.006625903838647
0.8507430098282276	-0.8463494701510358
6.107889991105864	-0.5368655727964284
4.123641341368795	0.2678890275609879
3.2859215426314012	0.5021210006806158
4.022458742366904	1.0256456431511969
3.0002232970338896	1.3149383036717175
4.700928289063657	-0.26604132324377033
2.5690212031123383	1.203852103657734
5.467668428813399	-0.450518803242733
4.599145376357626	-0.41688973883575925
0.387040153106315	-1.2873864085400168
1.2562838350290169	-0.24212885363275546
0.19696582001807705	1.3021206717669769
4.123035085156454	0.06776851247373122
0.24328157391993432	0.7240176999965197
5.559528126058245	-0.20967129040129037
4.082953894583756	-0.09272758709799366
0.6467260219345308	-0.43549598828424485
3.4875073302290645	1.2707656702216144
5.089450830401214	-1.6493812778324737
4.022190392212053	0.7216057922598348
5.4128956404847415	1.3919130284996146
2.3254751885246474	-0.8511733026762748
3.4791908070021416	1.1278421589763803
0.5964530016852952	-0.4308788755699806
4.014267059554676	0.31316422140307865
3.5076562641242877	1.371308331642235
2.5593296232755716	0.7677079251034915
5.331981543508688	-1.7971975598743626
3.558784748122328	0.42287217218842044
1.4666361213733872	0.6819813771002441
5.003314981828309	-0.23447961741681395
6.156388755054842	-0.8666096071943296
5.61229641627889	-1.0056740684968495
0.14219356163729102	-0.5779371405149692
4.643374321080459	-0.6966036424319487
5.199783214786027	-1.3816580635616116
5.665866015527519	-0.3111097869219657
1.7751694676412004	-0.6017117816937845
2.524530553456774	0.006574639443167876
4.283030205424353	0.8993298925338716
2.773351709698545	0.5715154047266618
5.915566173838319	0.2905610806004658
3.067027896863893	0.09988151822911137
4.679381888203039	-0.49958416851378956
2.2303529749297013	0.5899149179212987
4.774713564034021	0.8891309116231109
3.3559370976083978	-0.07453481320218212
0.7284570222633001	-1.309093707277191
3.1018175088114526	-0.13235200151537127
4.485743724446411	0.5068070163445663
4.856603868181839	1.1922059960703244
5.966273099724134	-0.9991274073649077
5.7220209956515475	0.2666486139963653
5.144602084741486	-0.06922858763481925
2.2557928907174065	0.908012812455038
5.321795644502939	-0.4756027901295706