1.5148060345020928	0.4146844194174667
4.175691627918734	0.4978352702820808
6.136302687807863	-0.8050672061201287
5.249849072673241	-0.3428664718492248
6.119275295545227	-0.04566393158029278
4.550248659931036	-1.2192434859545822
0.16939938282602363	-0.6593473871479317
3.904267021601301	-0.6312188150874598
1.288326281184295	0.040985838933158304
3.8527295809963005	-0.09958849464715916
5.078080058884478	1.40309556657591
5.537577449456689	-0.6736861114058319
2.544747912050377	0.4980410924351719
0.017139692540133034	1.044421760295063
0.189053535191265	-0.2001653457565152
0.9868844920985325	0.45255510960339607
5.79048603917763	-1.1987988338309632
1.4123608930205265	0.4736172457688054
5.73320633663093	1.0990323891848066
0.28156398305067043	0.4139983638636888
3.924748932211926	0.6251685813591259
2.573845595995996	0.05978396885319978
4.405392835445382	0.6716836728343296
1.9989322105387632	-1.020285200583587
2.071699349659877	0.0940185175860319
1.9096129062132978	0.3350324946814532
4.151826351878984	0.27424730328367375
3.0182935547135625	-0.49318290241050766
6.1139789403984235	-0.17148791027602886
5.899527301143239	-0.9926368628332423
1.6448571381757153	-0.18520917391023234
5.262378429482021	0.4611995017982652
4.452029291607948	-1.108444315225287
6.005917890461291	0.46312047784156946
4.026744149837533	0.33462085628663424
1.302604444449675	-0.8906878797749853
3.8781007438626602	-0.4189508765117838
1.5938000678332307	-0.20537942956466446
5.405353274468271	-0.09739309257785093
4.982144009494029	-0.7633545771860517
2.533279352835691	0.1508245430126537
0.5679514055164352	0.3967781731156575
1.0813730822555847	-1.4137424012831903
1.3829074426509784	0.07474014668663274
4.7644028966470255	-1.2626026924165352
100000000	-0.4256056885630758
2.83599733719645	0.6189940283244285
2.139504287361998	0.2369940684163714
1.1897817738974588	-0.2100446554094424
2.031332138989353	-0.12806011502271838
2.7951392107301807	-0.22863696923932952
5.830465124449011	1.0816063884095575
5.08457802117739	1.4749949881919295
4.876396692332993	-0.29381296341156465
0.8717942556717446	0.48871063080808375
4.410455860517118	0.6943923659136298
3.3898470382829906	0.1924710696937057
2.1681816181479014	0.3781533496432447
1.0921570218907455	0.5206192600491915
0.8522040664347301	-0.3001698565807738
0.08127255167424341	-0.742187716125623
5.824233671161336	-0.45004244852048325
5.970903485179092	0.30878817407452747
2.9282813779515386	0.5010398576326628
3.2560359782767705	0.4875146113852275
4.053243404702346	0.63332962893845
0.4226045849703901	0.8806483964848673
5.292002483020342	1.1508956496897955
3.0459004888144037	0.2942324336595531
2.0115945965694326	0.6669495317297075
2.7036973257573007	-0.196025474078772
3.812646381968846	-0.05188501173556155
3.9111277103081576	-0.6004302809273184
2.526227119947377	0.9516237086873317
0.47428374162560605	0.12123811519330603
4.188417802863668	0.413190179513667
1.5695249220197098	-0.6623243753821788
0.5747132870741021	0.30157471518634116
1.1753567909319038	-0.5729933485484447
0.5659595699746474	0.6134281954670845
0.2330310648656937	0.44668125781650825
1.0531706186516818	-0.21251339100452196
100000000	-0.33237281891728565
0.3292459546373312	-0.2171506136912469
5.4098883153053885	0.25249739234044755
4.62190705812925	-0.6814529383346101
5.132629930021509	-0.5704815217453233
0.518227455657275	-0.22964536790554446
3.598848443839632	-0.04087159727151715
4.674100593559402	-0.2541840203640062
5.58645082095551	-0.4052159160188624
5.771030623197665	0.6460819999712686
3.193886051858092	0.39638022982555915
100000000	-0.31266460296893356
4.965170943659729	-0.5490987546423214
2.232321554415961	-0.4003210655570237
6.148852050447425	-0.23924185045244797
0.7999472569868891	-0.23615036296956146
3.7381082671500874	-0.22326917819147948
0.9399397274291585	1.3164832824868775
100000000	0.4365695252688202
5.773475169513552	-0.535058265081892
4.918262263733427	-0.46028298051294664
5.142690965910118	-1.323515610254618
4.753720510636691	0.2760699623064048
5.491308002186676	-0.5850372628717647
5.422129741378671	-1.2438454777851153
1.6644145696592991	0.39985814950860443
0.45831248705867456	1.115601193609487
1.2643997423525661	1.4773692938709009
4.473554504823636	-0.17721894331507812
3.9481869236225293	-0.40740571916640456
5.765383525855318	-0.5856813212818097
1.4750385642353585	0.6100146840440318
6.2508276020497915	-0.058518821291882496
1.8967375824569048	0.11776019551915413
6.071600545616146	0.2289248235128377
5.97862673003918	-0.05072570553028002
0.14545629047705785	0.08497757961754794
2.8853047294595355	0.07435060503750658
3.3128109063247475	-0.033464916876101834
2.8863313047927974	-0.9978148378730873
4.7689408438964875	0.07183877019480724
1.8669331822995732	0.2928155028807596
2.1408404581135643	-0.5294842771936763
2.087779169679038	-1.0569228576827399
0.022500266636100587	-0.7153716075292865
1.363529688578474	0.8292986432830367
2.0689555447418684	0.6999799114640078
1.956565432426455	-0.14386835476736395
1.6742070515818455	-0.1457406015336755
6.238437236661015	0.4477615531422268
0.04242081801671205	-0.941044167937975
3.0035595204704624	-0.3446667982488509
3.5443976044909795	1.3773988230073457
1.79785326499651	0.10152967099546555
2.5014323992863923	-0.05747755069827779
2.5592163951381206	0.17668699152322317
5.737721328199691	1.226014315252691
4.896613121275575	-0.6701033530327082
5.495488999455055	-0.5855179417420753
1.0132885110896144	-0.3519551853714854
4.339746330838738	-0.3946825227238883
3.704042518020554	0.4270331057008717
4.777152850257078	-0.6479707276352814
5.461965011259043	1.6621140188874846
2.4814078492017586	-0.09144545402661648
3.0699881183441415	0.1511442049844988
0.1711733022016837	0.22068479169490512
4.0011406863632715	-0.4698398441103172
3.182797247288504	-0.2919764246148764
3.8170460449695724	-0.037551498482845606
4.547460824468406	-0.8025647960623397
3.409495082763545	1.6069496342988387
1.2627428259842945	-0.8638808686937753
1.9894970224859811	-0.35255698061974
3.535559527122528	-0.48247751064159133
1.1076740386037507	-0.4390146454352585
0.8092081004851934	0.4027607671808879
3.255586443173229	0.2707005199000845
2.0240550529268084	-0.3656627029980874
2.648146399344373	-0.5191869108752006
0.5584557109384644	-0.8083821416590402
4.29550130231358	-0.952344526139904
3.6290991845899843	1.0543694125798657
2.5752680916763513	-0.24249562938071284
4.7442645266725885	-0.10943239191533272
5.3457904543881405	0.20543935401500685
3.2697469087838145	0.39025683163027675
0.3158022533442605	-1.2065688498364064
3.3498248501890506	0.4539800836297186
3.776970046920038	-0.41206766455184374
4.059077413386308	-0.1884010734326791
4.678958726060547	0.6973052617141574
4.169997540708861	0.33756647055321576
3.4615368610099253	-0.3005352673550307
1.8877918378973062	0.04743511743878519
3.4190052596907865	0.7130856170013185
2.0902701441961873	0.051848272448636316
0.9687577004182338	-0.2745912792783717
0.13242632303940607	-0.7328904860993122
1.319105382504187	-0.7219913310326311
1.8495444968369377	-1.245685439926738
2.538035916774105	0.5387660970788891
1.9225649941314205	1.4891318250218073
0.9569926076317081	-0.30922784476905774
2.885399542748552	0.9065956733601709
5.551364255990828	1.1382193350168646
4.2314147381849905	0.8216090612979444
4.1470596989410495	0.24228249099068644
1.2187288578356759	-0.02130307344367616
4.714719122180294	0.8165941113352954
100000000	-0.18646196291184472
2.5084777923393684	-1.577139930647562
4.086025629905155	0.5327481694147126
4.913667513132071	-0.30708812647600686
0.498077300712624	-0.6285796091313824
0.004517356182077492	0.586279467908507
5.533019051703054	1.7650366456500421
3.6575288542813773	1.0186190281477827
2.8947000468435853	-0.8196887854176752
3.998646893217657	-0.1894042209988795
4.06120586797414	-0.03901656742290547
0.9083827807186076	-0.03482620006519179
2.633172448910164	-0.18700972574377253
5.1266247208733775	-1.4850261199204942
1.5457594496464393	-0.04513583470762699
1.6202497223394268	-0.3393262794671799
3.215318235276415	-0.18514733958201493
2.963902643269943	-0.04061289756848504
0.36181780589797136	0.4658230084747028
1.0924732262309789	0.7358024468712633
1.7399374048463194	-0.04154409059425748
5.33723929925292	-0.35881482245768964
0.6388330929168893	0.029027028755719327
2.0483736770341174	-0.7627529958976791
3.4700107003027836	-0.7667438238699965
5.56959133550721	-0.2552528631446728
4.173041681281363	-0.6508768161488113
4.250723506766735	-1.2145145911667525
5.892744687881329	0.3184284809477536
3.621370203488077	0.3143711420757176
1.9473162237622539	1.4271466599866318
4.0752465375472005	-0.5750511123014433
5.560229760005145	1.3506558054081814
4.562443893130315	-0.26602809443776015
0.12684097240971148	-0.46517035065334383
0.23344981018010014	-0.6325190185929441
3.3155553167872966	0.08543071346042933
2.7458567491085972	2.508926754914778
0.703550573899229	0.6776028938276836
6.06615212728587	0.6604423351925622
2.6469384447990603	0.334125727562974
3.998849552074354	-0.13579411702281258
4.382311465095457	-0.46596851201563755
3.8168518532329223	-1.366432050689582
5.7399515230877025	-0.15208999002344065
2.8562837844947015	-0.2881771856870729
3.3615560981522137	-0.7778516178908959
3.1989384413325817	0.474669347041349
4.108164477483136	0.15600183299595963
0.07029270124752052	-0.9930902154366043
2.1847138955132643	-0.8743631267574603
4.58943404580837	-0.23669551448411985
4.982869546130209	-0.35429188259996636
1.1315167715525858	-0.05484684693231369
100000000	0.3776257398088101
4.656102103000939	0.15167843715256832
2.9404826181344763	0.006146288954185937
3.0373292475904314	0.7509675753556885
5.707229054511771	0.8271258669124263
4.333354097239738	0.042462809850588284
2.8683459778976146	0.8329125714693358
0.295565634877882	1.633538911691652
1.5879479392732891	-0.8681773285877739
4.95556787610378	0.07113025104959896
1.3921134382777194	0.19291697939606764
3.2802377054187275	1.2695755153551247
3.1463495774125763	-0.41734694469489636
0.406027571922154	-1.227085687288405
1.1122317612989647	-0.12920925308743889
2.3025866389173117	0.19730689084158842
5.862574168971162	-0.6550671871068082
6.194206539918011	-1.3813976614637862
6.105243586664927	0.17861651803039286
4.50600901485145	1.2756947908690652
5.990143615491044	-1.3439504108196898
6.168585306422339	-0.7128011495981751
3.0402995695204225	-0.19033541547578653
0.12270986933839267	-0.36182647861440453
3.324811771183459	-0.47257867864955155
2.357054855108606	-0.5555064354200726
0.4923640943560592	1.1132100966908907
4.539392981488941	-0.07580754723650167
1.6446465930569252	-0.5721465452498512
2.0679627135557297	-0.9214524514697311
0.9163277599501907	-1.0461850843800513
5.81414545213865	-1.3552546465733801
5.315738366170747	-0.5342971153119206
2.21234633921471	-0.18915124261628655
0.7395555950441484	-0.8585064666906445
1.630709308310168	0.5614950037902345
2.185308676322437	1.0486273717480057
3.6294368012378335	-0.46425862450213495
1.6466636933489047	-0.5105645065611597
100000000	0.15838152915751977
100000000	-0.43288792660246256
3.208634487531785	0.26729241165067724
2.656473107012117	0.6341249898900699
2.0223528786980527	0.1409230581635925
0.5151596124540602	-0.5555064315026658
0.3019912095704327	1.4154599604965952
3.7224754731623335	0.6610628688555887
4.970107880012955	-0.09544833267752824
3.228541932853029	-1.0755780455667425
1.8091408879907327	-0.594242426841474
6.067562777844621	-0.47312426884923015
6.143952046709982	0.5035274144340564
0.7236805430801487	-1.5224059135225554
2.0563046483933984	-0.6635989485846783
3.111773663885792	-0.9198839145633098
2.5532919868241484	-0.8187475125915342
2.986393072532479	0.5253504968860142
6.214304641204592	1.2893633679450425
4.750642495831169	-0.1464598145322788
1.0894145647220093	0.30746055184542365
5.860389817890271	0.796229658535633
2.5139934899690477	1.2271675731935796
4.244747186743759	-0.7893545248493451
1.265010090915215	-0.6072680987896206
0.4243280726120542	-0.27119243930644643
2.310110274753038	0.021850800214291675
5.075419095077994	0.7456955627191669
4.0672495527253165	0.32280491004685263
4.33044269754774	-0.5023126422615356
2.2965217217772156	0.3408771538561154
5.414046580533785	-0.029706260313921398
3.047262849426895	-0.5137697655510406
0.8235901497101139	-0.1999263964578281
0.15907543013751457	-0.297857532362965
5.6409384806675416	-0.07342064742190281
2.2021853127656135	1.1606753450796585
2.276929841383385	-0.1824679197996696
5.8118891091746585	-0.02922888150777253
2.611435542996717	0.7920696349273231
0.9429931924937449	-0.03413908180945626
5.383949487823794	-0.16091761359503093
1.326487605559544	0.2662012576231895
4.880169765091016	0.4772032948742882
4.139853892107141	0.5618359845191205
5.485707682348251	0.8857043547922847
1.0158639620744365	-1.0778967598445504
1.0776261928774145	-1.1980601632378862
100000000	-0.18649155333503345
5.171780106105731	0.6351479399115414
1.2954301245096858	0.9669271702510029
1.024744273757305	-0.1899014087627959
2.4578132500029213	-0.5860587691139559
3.2649485935253573	1.3870899240565684
0.2313546535367627	0.4301472509628346
6.263521730694071	0.10000475837645971
2.377343972731872	-0.7579838349728231
4.7404589578417475	-0.123677317028337
3.481110223625473	0.5152843670903763
3.1870613806231125	1.0634318619970116
5.494844668449737	0.14237362110541912
0.1905701767735941	1.6043222362742497
5.895853949497023	0.46441776414829256
5.55616749047497	0.1958368142034049
0.7048749607225719	-0.5922625340607383
0.33604158107071136	0.2918441806474828
1.5791097009804824	0.07586088884850707
4.800303280456996	1.1345385606416822
6.265953752486388	-0.423417393758627
2.012694190835928	-0.37787714371795234
3.6538084041743883	-0.27261525110391605
5.656091105853354	-1.0802223297846618
3.6188874362863808	0.5109567145183881
5.289925938580989	0.21980536745106238
6.146578932377587	0.1598839805993798
6.0689216606396865	0.8072346468666437
3.2079232527025354	0.6951816744244305
4.274760620767088	-0.48979697388594723
1.1173113144251259	-0.21568992880227442
2.450808350123795	-0.039787381580880465
0.6430794394430421	0.012077905064277805
5.745298660705576	0.07339745184726618
1.8549886790344168	-0.9197661923577242
3.398366925924103	1.3182974766942805
6.212376946188765	-0.3132286248299574
1.8431473254567141	0.1596842441860516
5.208294974928245	-0.5433267379785437
3.1036058906652055	0.15615554087120698
3.588458152423491	-0.1558351270801252
1.2739034006216163	0.20941899114343618
3.197723963097056	0.9043072983054067
4.845337649981424	0.34943528746326874
100000000	-0.011890649084337318
0.15620947058239665	-0.37940846991836946
100000000	-0.8073137263852151
0.7378959411871453	0.7695507715363816
3.6578832308717564	-0.8015878954766429
3.135476289057001	-0.27108392078943205
5.013689963276695	-0.4244826575762103
4.841770928907277	0.10941686414541267
5.079296023924642	0.17000403883926685
5.326253193680914	0.968090273116833
2.759448799266106	1.048451526872429
3.013589329140945	0.17293352778418414
1.0837084937005779	0.6945158736195006
3.247887545934793	0.1492978700113048
5.280296521882907	-0.0064311444072839815
4.862873905298105	0.5712775686254992
1.4639478796824132	-0.25796779450139806
5.970039151199324	0.6190815179164401
2.105196314382928	0.8158899726039381
2.3457286753210553	-0.3418577333320425
4.710849185666772	-0.617562673804231
5.918955735283932	1.2011178906553253
0.2418899716549861	0.5572959129382324
5.044490723547481	0.7699502477829999
3.5945694070114236	0.9811398234457958
2.133433549162838	-0.2236128717124904
4.289740956397566	-0.39185880153809843
4.717322956318437	-1.015041188698452
0.35873555532365753	0.1087510701068587
4.9093896067677605	-0.38120610681338224
0.5313939090440307	-0.19331928458620598
100000000	-1.7685192766710045
1.288777809405457	0.375201489778061
2.7031106272022374	0.27613146475515354
0.6596273955049679	-0.6150992400758567
0.7258176460492756	0.2586876835094321
5.904071356268727	0.5829955291122123
3.7858216527810447	-1.5373559216266062
5.013349282839597	-0.7637042743741251
1.8027578168802707	0.2621498125981699
2.5294461902553182	0.5644198971772164
1.3125031350496763	-0.2533072444688474
3.5454126768985246	1.0765479981725963
5.334728265594766	-0.27760869256612875
5.114936400094779	1.1463856122262455
5.694831520504394	-2.0616242571403816
3.646976096753475	-0.053274022312885916
2.5946246973528666	0.8273907642084973
5.569754353157302	1.442837601550412
0.21624119137655917	-0.6596901451084652
1.808879252184008	-0.8420699210026146
5.830287022884216	1.7469623151025888
0.9974491332215933	-0.4864769002090225
5.434313586815115	-0.6793132934673957
4.9996160419479265	-0.5367230026777536
2.732734224136064	0.7202443479210481
5.114859951361125	-0.14561820995873737
0.8998579589214092	-0.4333789944672233
4.00957238086705	0.7611881276988881
1.8163078296120716	0.44375498657130624
2.9003320068693865	-0.18683359015545045
0.42843693585645637	-0.4931990144577248
3.5763711037001684	0.11063691024658016
4.076781391834902	-0.8643411603006464
5.278979447850687	1.927372985840971
5.650214000590217	0.7127753335892892
6.209804556932384	1.5713725518554593
3.087423103019969	-0.6573136459624748
4.368329815742305	-0.5392353076211743
2.175343107954405	0.04884778281260936
5.331776640990356	-1.6176252955406993
0.09401453632882095	0.6649736262646541
1.748606549465702	0.6427023875666752
2.383195622308506	0.18804306495353618
4.417495014758546	0.8418534866822551
0.9813743170205669	0.9185806389544057
4.635581578425729	0.15653740211299694
5.015229408881483	-0.9800430084967517
5.93092151259037	2.2761760047884976
2.06967697672827	0.28466495182723794
2.6397935609554533	0.7157629411221519
3.131669045152657	-0.7918917187323601
2.58994059015218	-0.8453291425305496
0.38838272990455164	0.34944169301962136
0.86939266125002	1.4026407224556818
2.9212663629218394	-1.1610647714205746
1.9670854165680431	0.3556206054554913
5.618211251658654	-0.569382966342169
0.2189080583040406	-1.0596898597025464
1.0212220966541388	1.3515119216071265
5.7525396150491686	1.163021136250829
4.655706286155507	-0.13312458492444013
0.7389428554248695	0.602166004479297
1.9105299243395706	1.0639548324811097
1.725884155913226	-0.1683647556715492
1.9607702465002443	-0.42475568339944936
2.457378607217978	0.6562145156625032
5.7175230874549605	-0.9732529892491488
5.2868305351870255	-1.1763423034766871
1.216832151664764	-0.28895540045640294
3.319549185184845	0.061545108901751855
6.153105934409301	1.2863956834727182
0.4839406898291241	0.021144525761287
2.045766806760784	-0.3554296371598654
1.4337635341158477	-1.3005316506800828
0.20906263530607028	0.8003665056166291
1.8167711187412896	-1.2065578661464897
4.3852912679613665	0.28323905801014465
0.7025438218871471	-0.3844229943069177
2.286668279714739	-0.6143328605303645
1.6380709631181132	-0.8282861849122441
3.0415433506368896	-0.7241952784563195
3.4224754463430216	-1.1593672598580775
1.610242402400325	0.25641850346401096
0.32706950973985194	0.3225532376749581
1.5453287398517475	0.34713309152188215
1.2349136753424075	0.44355128365067115
4.540397125132182	0.14669187933442596
0.3415865033608758	-0.8576869558512689
4.798920354166972	-0.5683644684654712
1.5161366860240033	0.46487192377034936
0.3392432528833673	0.4610695216564572
0.5467672697158905	0.045928074840667014
2.7074727566885315	-0.29262200817387213
3.3520435238240056	0.0964918312219094
5.4000859625985544	-0.5352681098817748
100000000	0.12047242312599515
4.828130619619128	0.5973068971320294
4.531086218262881	1.7950494849997902
2.602478115994291	-0.32980726238701763
0.24774516468478858	1.2541990315223708
0.4619449022659481	-0.022801464575953882
4.134829177413643	0.16267555639442488
5.869802889969606	-0.8400384382489314
3.833524257233627	-0.5392648775812652
3.477624364813493	0.18333680592920676
3.400322310364338	-0.012707939854598374
100000000	0.6782583298129873
3.1657027042584955	-0.3693684698610201
1.2383423963733033	-0.45174248592493255
2.265041121501395	0.8323709109245164
0.03238089696130331	0.6008294677514251
4.740250349391223	-0.02571436152016691
0.4187397565444525	0.08084347836467672
4.986291997011136	-0.24655259985183925
0.6566579891992173	-0.5459713177164621
1.3303863657092148	-0.3331943499009668
5.145274074572312	0.18489486949917133
4.189233042468606	-0.04603689775378606
4.479687126071745	-0.44083606400205416
0.6631726373874658	0.07948864042569413
3.5016509471345003	-0.2338848881106526
2.2491508699053853	-0.1774559706260985
5.927619107926276	0.4145395386447402
3.7771687330431867	0.11376598763036408
3.3868323425008207	-0.8872544648274835
0.13794950330100605	0.8048000016849238
6.227306924269909	1.0686542813465005
4.615883856340467	0.5149328699930242
4.645811667365615	0.6901131470372384
0.5630355014130248	0.8700353495343842
4.925424161910576	0.2381399175427559
0.23981090531465532	0.4505781775946348
2.0577699756394257	0.4538297793091959
5.5734072277644024	0.5095135326047818
2.0063736916976893	1.0160866436667608
3.1400309829079567	0.020688767024359542
2.6353530781923307	-0.08410778627864723
3.120772483576692	-0.27134609974256774
2.002686013155863	0.9118997721955927
5.330890861739437	-0.7920772501005209
4.83606378427632	0.6984453861589232
1.9413211185793635	-0.18429789199127233
1.4127160117989703	-0.43318123986507223
1.2916264572491674	-1.0834346893671423
1.5813323933656527	-0.2703977162084809
5.342579140059636	-0.3971426030104654
5.647720281299932	1.0985283955961866
1.9794860712897986	1.1006961444402485
2.0432209722846792	-0.9814155439911971
2.843429802581657	-0.1445334601631038
0.04094713575383091	0.47049426291238655
5.681236694709213	1.041083372106908
3.1999728334137174	-0.10144968416499349
2.5580810167429995	1.2835989821417355
1.2050619453553288	-0.43053930449218647
1.907384909253234	-0.14073992400630042
0.7987439941036977	0.002059771891189343
5.417859227072608	0.8764030872190159
1.2314615296151192	-0.3399685354053041
5.702759301645406	0.7428839914155381
6.00785668408486	-0.9747091012368904
5.887931914098155	0.5718359829113754
3.002008718973583	0.15075300506320527
3.4037913292292203	0.0093081445183272
5.252560973253784	0.24762377039424371
3.8878324201068253	0.31089460438458766
0.2753745684425902	-0.9447672403459246
0.4474883840475101	-0.7974288378542158
1.7911064919972564	0.11322405101800227
4.270115193670537	1.6475078737142335
5.913470843421354	-0.9060866871256859
2.9108972342933375	-0.1683108268851978
3.485599403348263	0.40200730619258307
4.892667382222155	0.34889774507086213
100000000	-1.3695759994407153
6.280201201629806	0.6213552279697286
2.338847264900324	-0.40032646811119593
1.197266894128588	0.5728521133860686
2.4806772110486937	-0.41066331365260944
2.159764918376367	-1.5642220874656472
4.182968541955299	1.2696882317605727
5.682072307605672	0.20710514339926075
0.5017324903727118	1.1428553937821186
5.138063297200821	0.3088113294639492
2.704558072168909	0.2602909463376362
2.985863851372468	0.4467745104443782
1.8907004063853052	-0.018701259657264147
2.469478338977352	-1.4809776744740824
0.06497743281371841	-0.5433612355515646
5.058494129011041	-0.5121029074968687
1.8907448369868796	-0.27076732096246386
1.747900440954064	0.34933384776242343
4.376066629467768	-0.5872828442704436
4.408823081381037	0.8444683719077273
2.7975188366614185	-1.138602376683358
0.560786146775915	0.10893134460143583
6.103562468693215	-0.7183811798630879
1.740281446246243	0.49049618118238575
6.1482018196917	0.1822451120145098
2.5073730260630387	0.39632131045464003
1.6972923402979347	-1.4863095754262128
4.592331069344263	0.6483207207505529
3.344425873929816	-0.553425211733306
1.7983505217541365	0.5236873107866297
0.40844848577944326	0.35459911230130664
5.96941651391046	-0.8151553562512658
0.4468534403159605	-0.7750327246636983
2.2192893901374435	-0.30809069433109454
0.4348663988222228	-0.6427347125569025
3.2581033848768346	-0.3008259641466377
0.249736414833027	-1.5314308709298488
1.9233970454080853	0.850733366246195
1.0047108313740987	-0.5223668381513494
5.082166397544465	-0.2288451714194134
4.121183346461278	1.0778061050997014
2.6248556187223073	-0.3837371666069277
4.1094174527213525	-1.1260057349448553
4.189167520758945	-0.036029965802589305
6.028833365654633	0.37039489513198043
1.0987369863079586	0.17278097039942047
2.461204737821909	-0.399932844550894
3.753080695011961	1.4009198578679765
3.877218883496782	-0.27150045601078004
4.812584582336468	0.9538391876784267
4.491685670060702	0.011623982299911384
2.0509619794752525	0.9599042181202306
2.185321687139483	-1.504904606324858
3.6950187307482434	-1.2199806547338337
0.3465948149659681	0.3202749357122764
4.007188422778636	0.929179095121228
0.28849813407220903	-0.7217802798546661
2.094993474817448	0.43884330029784363
0.9429217853593439	-0.14886652107954249
2.604880389115138	-1.3662082740619306
3.1205055098926486	-1.8136888508409779
5.48176178255114	-0.4239930925377239
3.010935717531768	0.4671690738761394
1.1733649277757543	-0.7225800659398781
0.12552618534921933	-0.31642180112783125
2.686002496385041	0.6218611113514404
3.6036957939326073	-0.025166199159584835
100000000	0.2919491639009665
5.436636530029896	0.05334618119869189
5.522419428833482	-0.07295344362538404
4.906364155538694	-0.12380654070707078
0.1167952817089919	0.7810852896094523
5.013041823053423	-0.805491276646102
4.734576953253523	-0.6527320395423584
5.859887845634757	0.37952579088528116
5.115664478757184	-0.26390248440960834
1.2695857118249334	1.6297954641610968
4.953958854629462	-0.1259120858231812
0.9075645894807529	-0.5928032993110809
5.127418561063747	-0.6851320486058102
4.747048798287114	0.39624352344973546
1.0696725868633497	-0.3835690798796781
4.2781883241113725	0.05688555277871767
3.160282646126947	-0.7729439987430395
3.200512357339898	-0.3805135968535959
5.064674425803402	0.549615524834227
1.4375953949282207	-1.1401334341923635
2.0849682915865806	0.8235462838956674
1.7495182518498014	0.3651573016558831
2.4365197443973194	-0.110501817686985
5.45388851444786	-0.956073755819457
4.6869371060495535	-0.14397929221212383
5.569535327414694	1.110363227630285
0.4080287342382132	-0.15706473875404833
3.650343380597172	-0.15115304004169264
4.025803784432055	0.5538002141801045
0.427257184489898	0.5073701457840509
5.821264891419865	-0.04095634886370021
0.027858467797514587	0.03861907421635476
2.134954694917437	-0.023088412832133993
5.878257501779779	-0.22800509718063533
2.9575382792367204	0.9498174757334327
4.337850460386489	0.397173449442257
5.412920042985041	1.5073768411447621
1.4159283120259853	-0.6376392044812457
6.261178657225414	-0.678556110018569
2.438656303996737	-0.05404179505250507
1.1358817146614104	-0.3962559824645694
0.48834039514231264	1.3917998492903496
3.0356515023478075	0.08471702234477572
4.92200445226249	0.5890046937746682
3.937165385081288	0.3345360397765202
1.3697368156447283	-0.3382682131807627
5.5806112644800345	-1.4557781846598508
2.4399181996924018	-0.34763393165333195
1.4893917862968191	0.26226720541568843
1.6639873504167977	-0.9197400605864081
4.595525703929184	-0.14285009480286695
1.3462597995470222	-1.892247414729172
3.083625822974671	-0.8684610771310648
1.5450746726422344	0.3065717183924427
0.5808521461771249	-1.9024102245736283
2.305725145087779	0.6780786921165027
1.7939747901377014	0.19869985508232807
1.3730693599454218	-0.7029335548623946
0.6000785051175619	-0.33674047430924003
0.6743838158710309	-0.2895797409134918
1.3142503868102868	-0.3216623209420991
0.2054153167873869	0.08930024664542853
1.6395964870178041	0.4283925258882579
4.877311025159928	-0.7566702196178963
0.32947299632445826	-1.206557011365075
0.6207989592736016	-0.05470603008002108
5.4408045272328955	0.37585150009835017
3.8731066653265014	-0.3296995778620236
0.12343902030555534	-0.32312363678001493
3.551322359672939	-0.22687590208729297
4.857768892392081	0.8702420510299446
5.588043115418934	-0.2197021575183484
3.3390103916956613	-0.4141903472622042
5.26792354146629	-0.15872532765506245
100000000	0.02652998513415641
4.252727228437223	1.020890689912801
2.8852757122974744	0.9108932892337623
3.785086869436629	-0.34477772066309104
1.403798726986631	0.45728678295042424
3.3878913848232663	0.3164024032365461
3.8097850718117385	0.20255242067523624
0.4103457145073879	0.8745595869566646
2.729702405777167	0.022677418183801302
4.222849840670236	-0.859759596332116
5.915255160020457	-0.536143998477217
2.424292479752758	-0.13967857010640744
6.036548662176195	-0.3261910098798687
3.298567271554645	0.7634823427279236
1.5654341124870879	-0.13446326023232702
2.3013121976921895	0.47331565401704095
2.8090295492580677	0.00824059445841271
3.604428380456444	-0.7220980591633542
2.1915674983796585	-0.17175271331951208
5.315694960119627	0.6048066013902812
4.113211803563274	0.3888928698947124
3.9020670643263573	1.0478469785402797
1.917259332941839	-1.4352261769140118
4.519409141436315	0.4304197522040878
1.1726186176338524	-0.2463316196379109
2.457230108178771	-0.43199656826667937
1.9226995185317897	-0.45148878429863515
2.8343565975457334	-0.5898248189637293
1.5261281866174254	0.0766263144996865
2.7349882709021935	-0.16334303043691098
3.525730385410186	-0.3195414992512989
1.9251486523172971	-0.14378562451232393
3.6202660807331033	-0.3395552418417813
6.062661473497517	0.03705516713684629
3.06982883528628	0.1662644181460158
3.810730623870491	-0.5095742703542002
0.06379392141998341	-0.42045770738120636
4.526273551287242	-0.5532524799725189
5.486746104085377	0.5091057117041594
0.2539593988829027	-0.36999959669093424
3.4806675135550966	-0.15050033518754571
3.341895781173992	1.0369600559729588
1.1037280412053718	0.0010043548481912864
5.236050559167564	0.5692773257421592
4.74133689472324	0.012282457891482893
3.9352570518664898	0.3241578566472814
1.8638652794648296	-1.565543708380318
1.0199687739852745	-0.9187803740214175
4.770665589970415	0.8696790607065491
4.807725598151798	0.04409583591694443
3.3103176695625565	-0.7721650120621698
2.9940771627251483	0.6137378100392514
5.212353827755896	0.7419691888942218
1.0377976281287689	0.8231976114583083
2.175462865378349	-0.6407392523131095
5.6298128311951645	0.3510818844158398
4.678310706682533	0.46881745802289226
3.8043884193682356	-0.2857071890412091
1.8819626154392344	0.5767743208901034
0.47469709560898377	-0.1697969728998878
2.653865695235865	-0.23120722449577272
2.6126488776729744	0.02910182394474244
1.4372239730907255	-0.7044312131996375
3.3177015568175277	0.48954830181878417
4.496140284884643	-0.2924870851441737
3.770026065161092	-0.2873369692675415
3.6235435458593357	-0.050170853950874186
5.702991594909945	-0.8516332675572569
5.597898729208945	0.3709652473650883
4.407123880809262	-0.4881915120048852
4.981648754840721	-0.43871127714154295
2.9266132030370677	-0.4544875849647316
4.011998397877889	-0.43805936827725195
3.3537199827016746	-0.830576462487858
3.0909368080667727	0.12173872840119686
5.124289920355322	1.0930245849989517
4.313097038613321	-0.7486961247222195
5.195492344375335	-0.4061807943099553
3.569929233276836	-0.32905942932041593
6.112290933260419	-0.8469394964841394
100000000	-0.6674025205471498
3.2958997998986312	-0.14091720723220663
3.5790035454132125	0.32057233607333907
3.1562702807160825	-0.19919826944695546
2.665181914810111	-0.54249590391984
1.2044913203061114	-0.3758668203982944
3.8143289050893507	0.5766439409608121
5.0061967370428935	-1.4747973510661831
5.449808285621954	0.7242371405793945
1.0071255469570146	0.5425488727645122
2.5965243986586195	-0.35018142989956386
4.706314139128478	0.12421998792158613
2.104321907695745	-0.35314996225552403
1.512955947519015	-0.2706457147048459
5.604103864916857	2.2598648040097036
0.9559568490664931	-1.3808614748026822
3.624115389496106	-0.4875466158301064
2.042668371841474	0.36186442728112733
4.740391226994089	-0.05743703323730905
1.0409735089006178	-0.630401810931165
1.891002149788017	-0.22600347235373477
5.317475609242427	-0.5562218308957675
5.894724660083943	-0.4351842858804555
4.353477259325707	0.5219723446710516
4.938431872151644	-0.8250151522831162
3.320925545448903	-0.40524376895129116
2.180727801329885	-0.45438381451501814
1.9003677178815348	-0.011385031938154867
4.532988169617909	-0.6623562632397244
0.19472968577131056	0.7367921704821094
1.1638424377071188	1.116016307547451
4.1703449988028085	0.26519549985222607
5.673731101378891	-0.21573239641635525
3.859510840052705	0.236597616396953
1.4883975341095823	0.34293343447936503
5.096586191124588	0.6104512435936653
6.28192993245062	-0.923362355091481
4.889411659544605	-0.1732383430996811
6.2365132562326915	-0.188947050783217
5.672005971247494	-0.3727522748810258
2.058861492768072	-0.9432331945304125
2.758192285418513	-1.0139894768271405
1.7026583097514072	-1.1465064599121868
3.2511311626176944	-0.8650924797407004
3.192662465786775	-0.04367513664553164
2.253319418194719	1.0705013695155932
3.856486984339196	1.5396813044605564
4.424012711898856	0.31319431847234436
5.720105857318879	1.2927727703499452
2.973360340088858	-0.12201724517340772
1.46857313788425	-0.7940676694440274
1.8952516435544986	0.5476835881673181
3.5683732189346773	0.8088910838796978
1.517178026675345	-0.37758572014752845
1.0049214015986685	-1.1058920871333504
1.8220046788908624	2.387212679603599
4.746164073817836	0.5049881451911264
6.093568176828521	0.004927849748084342
1.6209896052303687	0.05500772360897571
0.8049286049156956	1.1883837453854385
3.010739401871107	-0.4555250403462686
3.1763379081704635	-1.1120010156310847
4.734328784896209	0.7312874125573077
0.5060634713918422	-0.5909286731049158
0.45163378640858554	0.06944093277562537
5.208658056292828	-0.23043412658436346
3.32861234746356	-1.0851485454878382
5.249964539459113	0.044400994415336
1.857971373080911	0.08729783198249952
0.6191545431157126	0.002108337988507185
3.2891131097492554	0.9943074463884509
1.5963497468235068	0.215585551497557
5.452356553070758	-0.045487679176649205
4.859155266565771	-0.35140455487607414
1.2297751614568095	-0.062069086030955116
4.138498292550336	0.5134466738884056
3.469568132262794	0.5966222310569373
1.898931626877045	-1.2463976822573357
0.5408046052727681	0.7810987642534992
0.14787592141173783	-1.389521399425763
0.6441959027694074	0.19383504175448255
1.4294765466884742	0.12630105867512043
6.1857905071814185	-0.12852897297554464
0.11299968306907748	0.6198496227379403
0.03142280624368654	-1.2542520151682315
0.7597293228739668	-1.1357654585659163
4.168857596418118	-0.18726877201106107
0.8931786920809728	-0.41665607605924027
6.048109028138362	0.0893117646180778
4.5586055111366415	0.45222302057189834
0.17594864674227306	-1.5721034817669879
0.7816246466443308	-0.6189955412225426
5.231958581323469	0.8205159605239755
3.4677612373946523	-0.015264801376840328
4.866776891349391	-0.4275459204135222
0.024303652626879866	-0.25966857616708655
1.36894763891901	0.15508329147657798
0.2563859243645501	-0.6618663664254365
2.9365146369134236	-0.2405035785229974
5.7328552719031505	0.004835070243834744
0.7552681171610631	0.18232830467590033
0.4202163643901997	0.07107784116279386
1.6637931605146363	-0.5403322467544772
0.32075307644573847	0.6941739203058132
1.1130678041993418	0.654040943063337
100000000	-0.40744604617415675
3.4785331146809577	-0.5949558265098516
4.397703529502513	-0.4781628872218638
5.230705727914724	1.161412497879323
0.44860852241392296	-0.8037006883791759
0.10730397494353205	-0.8749517440340563
1.2579088376883636	0.15688626964849917
5.9109675162298005	-0.36517621955962765
2.227634829810107	0.8207163064187442
4.994850362423926	-0.9168209036443994
1.4137962161395912	0.5753776439314496
5.467718106522529	0.450504684883571
1.7617991488115106	-0.5210337078512702
4.728428934203442	2.1802289550494853
5.080543302564536	1.4610408330513054
2.813650998908958	0.35461293127094723
4.361466229883321	-1.5098673280734851
4.9679917597570595	2.0512826462835756
2.427335655466578	0.4784174638707015
2.0359901183492326	-0.3346591266955878
4.570876738293999	-0.7634341779014995
3.9752240148138824	-0.08371121717684285
5.55458207583556	0.6034239813282758
5.062343706568634	0.6085658139622482
2.1362690936184165	-0.8301443645457233
2.6510780574818784	0.2120440621300157
1.4549886730572936	0.39194126347461616
5.197895350740259	-0.33799798141581977
0.6105592355728167	0.6840905776226042
2.8207539521069016	-0.6771582907587603
100000000	2.598119394182768
4.795621026825806	-0.21372600914914733
1.4062217321636323	-0.8008960550525824
1.6653549571146797	0.956741025856694
3.487538591197972	0.2926438868727112
3.1975793884537094	-0.03442979691860056
2.561461343022674	0.04977598538507505
3.2692178942637984	0.5803191536856226
4.910521071026238	-0.4115862247230628
1.1735465451740534	-0.7659049174352732
3.5330030894305384	0.44816748528112826
2.1529832862064318	0.010711445860341598
0.7638330622565253	0.19127641575897245
5.504818272973557	0.06253039092445287
4.974028423368136	0.7243571069843577
5.749199241293846	1.1121978500947876
5.868262421662541	-0.552953109264355
2.608597590348161	-0.36778051849893695
2.1188636343005163	0.03675447069796242
5.253139366812993	1.2440156173298698
1.508860996183337	-1.0317441115765487
0.298665654967758	-0.4972610968848329
2.2570574781116943	-0.9211614016798725
4.266409571689831	1.234666844885705
3.1798025385344046	-1.1592881483813133
3.564538071600847	0.6273301447496832
3.9854905053222964	0.06586923649771
6.250042484866389	-0.6172593449294841
2.088638243220597	-0.9829132401449435
5.660434009810329	0.12393464159558977
1.9781753353630798	-0.9824436281732687
1.1617057231392716	-1.0938059820448003
3.67061213017168	0.6055432786487209
3.8005698120036526	0.44621461008458846
0.44283950617123313	0.052085797964749846
1.5315105460053706	0.041419163125675944
5.645516612564155	-0.8607500777101267
0.3686291440104055	-0.5373967258006396
0.6621955649780387	-0.21672682310489028
0.6659588019449316	0.7188511193866657
0.05089948388306009	0.9013243758660047
3.3686607317266066	-0.5443065612239546
2.6344147844243864	1.4904043886114202
4.609872063700129	-0.2409447788225329
2.5953068184203048	-0.527870556028879
2.65776145699221	1.4633017358123384
0.8771586261620268	0.518197625624018
6.17329646398985	1.3433524141767208
0.2799162751475937	0.008010458505642297
0.9706932149831671	0.21899515834559763
1.707225750024174	0.4399085535207881
3.174822978528186	-1.0722043720325025
0.03975674845744195	0.5912540183589472
1.2920852099047397	-0.13414425378035558
1.5109206224719003	0.06288660736173901
2.7128995408761427	0.4372251220927328
1.0917900256021218	-0.1382364873306389
4.604083049738121	0.2581732357486375
100000000	0.6097696802725562
3.076684145760286	-1.0351059404542657
3.586490159686932	-1.300631368744117
1.3055822427202897	0.08690330265054193
4.284825506117146	0.22630750777169356
4.37028666777776	1.2439984242160795
0.9807890787826095	-0.004668748765077862
2.0737346825366525	-1.1296297777957929
5.146238578890687	0.12138538683749944
3.9879102238973023	0.9703556152338619
5.72066364011701	-0.37478085939891487
100000000	-0.8503517769246336
4.201083790088047	-0.25966170268417527
3.2024864037443894	-0.8929512323182603
4.617482709132979	-0.25885667845807075
4.308416831318697	0.27608513903394555
4.678885041824608	-0.6215222665066663
1.8917121068900382	-0.793328882496272
5.306423972914878	0.552478451475659
1.9093804099539202	0.12883190452241483
1.2818942824099757	0.9677392820711285
1.0447180357406687	0.418374024580986
2.825248553793431	0.8591945217726434
3.25821006159606	-1.580244790984868
1.416230974407859	0.21651298317786266
4.490592874777455	-1.0354413594524332
2.3895131378684678	1.3232937785101957
1.727963814212364	-1.509737653008029
3.2513051457512816	0.35175786648785545
1.9004332859520598	0.1284293872959789
5.3631954076024275	0.005192856187968641
3.198744267773599	0.7480334286449064
2.9736218762699465	-0.8386117799893634
4.73868918632816	-0.5073423070567528
0.3742047484854574	-1.0091437602999387
6.236869720774128	0.693828129827534
0.561788731587912	-0.9877434063997474
4.497588001431376	0.005796628377852317
0.8366614589742483	-0.5790569806687318
5.346876933109532	-0.08356159566120022
4.582673787054214	-0.6452706333759028
5.379750991301516	1.1600741279132518
2.810131704304826	-0.2849530392100341
100000000	-0.06927232999866834
0.7338272682250251	-1.098367800888235
4.9823203257561985	-0.4502523376326703
3.7810942726937014	-0.24349403800851704
0.19955757237419297	0.4230700245408062
5.97869016971833	0.15734334962917756
5.580218924986268	1.431033504281702
0.9775772848635862	0.27494467913559617
3.784473354715795	-0.934141886182515
3.3566956618492405	-0.6293042157508876
4.383443590305317	0.3717494208595641
4.289002828450531	0.7238154596435823
6.135294508785757	-0.5082815196617299
4.0808022572834375	0.2952716636029972
3.480055975194853	-1.4412754382309279
2.745404479007199	-0.032778599226312585
2.4696111731216774	-0.8819487248536537
1.2250691979610655	0.9122393878385021
0.33751273292765394	-0.37693803118769875
2.747064183055704	-0.25443946505433185
1.6477838338191426	-1.1749036262571675
3.9618301101283606	0.6472203781568089
2.8602213776072247	-1.0012681543421882
1.4567341765396424	-0.8659177150733838
0.5285013955413076	0.2264232442050497
6.237270367811901	-0.20851095375240122
0.36189123546152313	0.9470070538268293
0.005219369751626957	0.008820862120366393
3.7551040441350945	-0.02872011556324313
1.5413732394606825	0.1831327463895004
2.56491231457351	-0.4518170653704986
0.9909933591849838	0.3300498659060263
3.2297843237138597	-0.7790661640648866
5.783585729343455	0.5679446574701754
1.719173336999546	-0.4815792806852879
3.030825391946987	-0.12808533154065885
0.703160454685744	-0.5534144408183513
2.2690679019492492	0.4756141536157658
0.9967043482313542	-0.254710030294877
6.068856062438697	0.3594738721296266
2.361939255906705	0.9219797400847272
1.5171822245404458	-1.7194845157928524
5.1687355809099165	0.8482506256589132
3.6919912659284555	-0.4877346499202788
3.0886512190534403	-1.3187768894327885
2.156236901884623	-0.6121948184094254
4.735133915044206	-0.41312618576949595
2.5273474282746964	1.1728616990610323
2.5528449744697994	0.33140268732662054
100000000	-0.49848962764677124
2.640897398493731	0.26951081278501277
3.6797356337551976	-0.3435908294245183
0.758015982930762	0.09607826610805661
6.039818100879683	-0.6524414581374709
6.271286805385251	0.36075905747054104
1.7038474479795473	0.3675232010372661
2.568132586827116	1.214799358569085
2.4900783986159687	-0.06287902196785557
2.917290256597102	0.29744670988673133
3.902425173911541	-0.37572049687062564
3.117525103897526	-0.25159852449926773
1.472502044738773	-0.3937131041965233
3.570443323025909	0.5051057983101117
2.3448013467090534	1.6472984482156405
4.716435950077866	-0.39662168262456654
5.214365985823311	-0.6671872869106333
100000000	1.2397590541645012
1.180880757642763	0.4317148878944719
5.388809710368092	-0.3683475775524711
4.503755266843115	0.2696460983941177
4.275631316696719	0.7380627794647678
4.038204464237156	-0.5362335411694185
1.386625369394002	1.320725792809822
5.106432046565257	0.20572497259309186
4.291063517511414	-0.6383720423162298
5.6597988541725535	0.2258821099458885
0.47035093009838747	0.4116253842629795
4.47838344687184	-0.30774088812761535
1.4179375399310334	-0.4771149521241098
3.9473029045736627	0.12347303435196526
2.3032740017144047	-0.556458315727377
1.9788248419474037	0.8264700930100539
4.333120673492749	-0.20323492319303985
1.4949237350733142	0.31611573405003235
5.57335201436226	0.5779555922921731
2.195229334215055	-0.7971940459412096
4.37467721025753	-0.23245600783993672
3.483997757735012	-0.07823362002909758
2.923016321907161	0.5894546332472201
2.274159856898036	0.1879352829210552
3.026450488826029	0.2523975372604304
3.5188141232475445	-0.6975054404462552
5.8217062996318605	0.38192919330777825
2.246999766238587	0.8108570821573233
2.3800900793734154	0.4913634046134457
5.915229605512792	0.0697537195059892
0.9181660993079497	-0.3322052394495886
5.928276085928963	1.414676410584082
3.8341785292417763	0.8496164462902684
1.9862604031562092	0.42888765735158124
4.228994230307155	-0.6643024800079952
100000000	-0.26579934537046357
3.9783862936638634	-1.2256356003378799
5.151315100388484	-0.5647614017913423
3.676862332371895	-0.5581208103025147
0.683571408633163	-0.00004023202193530205
1.2173451643137758	-0.01772588573827347
1.0054057422980334	-0.3533467054326305
0.7199139156544909	0.35143669430817026
1.287344510268607	-0.7929130902505843
1.4885297642275637	-0.45485286776190115
6.275180482337903	0.006939163572490194
4.823034874346011	0.8511071814805422
4.940042710401631	0.1623831706442307
2.983575903185617	0.19497626676065252
3.950532929303868	0.9171065253939729
1.1170281113043738	-0.33945568365803025
6.132304556560767	-0.18733196941143423
4.143931428127537	0.4053067851309725
5.877060090034054	0.08554205949705018
1.3928928209768934	-1.0030403340620284
1.8498869559483389	-0.340472104807485
5.2361121215230115	-0.8677891209529469
4.918067015616875	-0.3391168800015506
1.8828008236674698	0.34310207720134495
4.796021480217	1.4543844419468144
0.5124434023766167	0.8886468562676667
0.5920514314348075	0.25128575918013196
0.215985313437297	-0.6995382722657366
1.197091200520275	0.08411907886269519
3.2492531494046712	0.060131640420411026
1.7769152142356395	1.0525610169542892
100000000	0.39676888538114113
1.5319048730506246	0.6957987044794952
4.479986834471797	0.01757765512456837
3.008298626860846	-0.3505685045209512
6.25680097207025	0.5728800297145487
5.3172812777995295	-0.6575263841230732
0.97074860640409	0.19592492328645233
5.078809660703416	0.012834377884989437
4.283111344129114	-0.3368807580537573
0.3326946447810659	0.6967473562146993
2.1454452488506615	0.7263589687015826
2.8186586833384464	-0.11204936264421887
4.572487717594738	-0.1588045376825058
2.7515123934149504	0.489398335770852
0.3194018847714224	-0.6998770847548772
2.094271218431354	0.8872916146946471
5.624828060299471	-0.6207998499963233
3.6269459058900595	-0.3167557060342765
0.1385578280790849	-0.3788926527834898
3.4779985037784873	0.2038529766043266
0.19564905049825243	-0.7580161236561217
4.416869266000846	0.8747558196721609
0.6372138134388016	0.323857916934303
3.641837307079037	1.014479239549712
1.441284242574996	0.2000583499023028
2.797535699596328	-0.6081962807109501
0.014933801931102053	-0.7867468157966978
1.2181126369115862	0.45267181431108167
1.2843288245762547	1.5119136284278571
5.6976123785705575	0.395278140609676
2.6169541013102893	0.456091719834494
0.43947064531200386	-0.37535550821425157
1.499975105843072	-0.7324872044252995
0.25992738954550276	-0.059648463376918044
1.0707859754478075	-0.8221640190971734
5.899735416858732	-0.6299431344879992
0.2194440112346978	0.4809071255364666
0.7082371301494277	-0.5418419033959263
3.4427969844414896	0.4949560536926405
1.4024788364782879	0.4310793657499256
6.112306682970055	-0.4989729683099245
1.9000182292187775	0.026483302019224875
6.204203426294308	-1.4613246978224823
6.200333828195947	0.610958213600258
0.9532276324112905	0.19618650289500356
2.3608944622803385	-0.02879333579991806
4.697268846020143	-0.6402500684668117
0.6468796297834114	0.8492648317647219
4.1266740746936845	1.6091544141751208
4.71556135555806	0.8759184007115817
2.326208215193292	0.552202156917633
3.4551085755952933	0.19205060549816033
2.003089092635067	-0.4934584367764826
4.997732300132459	0.1949391687709588
5.8206725013864515	0.7133709629564874
5.219879571761902	0.48898197441324104
2.445133769826434	-0.765246159308768
4.608069689865019	1.18663611159094
1.1527397424430308	1.6025238294573985
2.6637093548223607	0.43830078981382653
1.1403259177844647	0.30345731160588857
3.822924248178925	-0.7041267440811073
100000000	0.6763448190306296
3.203043500163224	0.8950879775326726
1.1167883058552475	0.4913453465920578
3.9597627415753074	0.01020229846057801
3.121138822325765	-0.6940167615307355
4.241370894159324	1.0922325531415933
2.60186959995586	0.15791301831829094
6.254462402621408	0.4813666628667229
1.0283595512189911	-0.004043582556308777
5.5846713035534155	0.5965153846177661
4.118119979063149	-0.6640150811028038
5.58912326591701	-0.060698846870243475
4.350636838810827	0.05523765455984144
0.34869910034396445	0.5178019761488157
4.549279827046061	0.36726834041838985
3.4993746995275288	0.3260406396391347
1.3510753023281792	1.080743955119487
6.063336850925614	-0.00391228271599013
4.441760671052955	-0.08177224338319111
5.768928328722773	-0.14630541416514875
0.1323463896231294	0.8211669661697993
5.027233232945517	1.0787088202855677
0.8406088798501674	-0.3026161801306324
0.008443733140637733	0.16802299405177218
3.9919174908188353	0.7001098364529493
100000000	0.18148108271672753
0.5853067810255013	0.4247770419098773
0.36562708775288044	-0.10081051419975376
1.5256141927625313	-0.5287777032288697
5.3691633151336235	-0.5864833629294285
2.567435805090206	0.26400213637100045
0.9170377161333579	-0.3550698998651988
3.5680662669601624	0.03409861070119849
2.064502420658627	-0.011002397258137293
0.0792196803035673	0.2540234596075965
4.314503543283361	0.034295557742172224
5.113071978240005	-0.16527803844280237
3.9179390330786026	0.6982716534825913
2.714371026491843	-1.0736661452462248
4.099221314139539	-0.5837260907945351
1.0152699415667337	0.9212163664086078
3.3238444774742213	-0.6656563035071871
5.923667374805729	0.5579136431882455
3.0380233146464115	-0.714171070982231
100000000	-0.8230831108724329
1.2217724066840958	-0.024591782645046408
1.3041777286937535	0.09351113957167476
3.6906643776519203	-0.3261235393277803
2.968881314556487	-0.2137057459270785
2.9381122700114304	-0.7330349714178365
0.46051169490707444	1.3758725899882114
1.1809927135093488	0.5479066385868174
3.1227087808635603	1.4898765368111435
5.789243596968336	-0.4943206456764546
5.073279008650516	0.7902558647130867
2.1034157930127826	-0.3979625436386982
3.0671317870208994	0.5131436896748159
5.200586213896393	1.3365494938914
1.6311381034772303	-0.6295392245724143
100000000	-0.26657713170455866
1.5999679247104082	-0.8333584436875372
2.6064222759977564	-0.3861986540630042
1.8515667690178679	-0.14840957970268398
1.2039421328611084	-0.6637073671830591
0.8151486903079523	1.456765846314719
2.610300056171406	-1.1855479774916626
2.7391545420143917	-1.5360192094310874
1.30423381845584	-0.2973086333526419
4.6245821099709685	0.11403077981225423
1.4680033050896562	-0.8371916147377045
2.953405905922291	0.23642805333888225
5.481692459025464	0.4822800127909881
5.554841344750972	0.5227266298572999
4.691135404890984	-0.2765566127795655
6.006488170535846	-0.43411335610702007
3.6162440098849356	0.40535214728417224
2.400152038906744	1.2553919241805507
1.7841018028423363	0.42742594708097564
3.011160411094396	0.5477083607669302
0.8186708549218631	0.31976658036411376
0.19852335792087406	0.1549400213736205
6.263506686703649	-0.05258018377309465
0.5822527300413718	-1.7535849906443075
100000000	0.6121453687036001
3.775018614756208	-1.6452647280370492
0.6699399946985808	2.0201765934910356
0.3587198849825617	-0.9537730318791746
2.1774740943718927	0.32326931120773966
0.19550105126404915	0.5746066807059416
0.5410991541392907	0.3612706220943162
4.399348861451797	-1.3627332560497172
4.337326701117378	-1.8934958916687974
4.989022541877003	0.6202743411394848
2.6799151979427105	-0.09725650834697028
5.315750177087358	-0.16222222813191942
1.625298801005485	1.2614721319132725
3.5137036335597993	-0.7861046331170428
0.974465615478671	0.008684538782936811
3.996662055332103	-0.14312244061389262
2.6879342050202135	-1.5076008572705686
0.33841110347292513	0.7445881984390478
2.3561334561163036	-0.3526914101899974
4.822461959948949	0.10299388181201362
3.610352396386952	0.1445640112239689
0.3275222874427284	0.6486266244447236
5.018047816519495	0.9101417434930266
4.322240785602773	-0.7539191787616366
3.077548763148189	0.10325823797798626
4.044988514534021	-0.9983171725113167
4.5338926292129775	-0.43272547561326213
2.2153963905820566	-0.3861325618092384
4.5438131902762	-0.6884247303917378
3.987802164205972	1.195448977343949
4.359243467905689	-0.48916568503568053
3.7780704587908804	-0.47389907436268786
2.1278041982808045	0.13537760931491044
2.5070331779618287	0.4230640593184913
4.545281590320925	0.5313684919587265
0.706844968495906	-0.2652841302391227
100000000	0.803293977904597
1.0525343742408504	-0.19874359397484442
2.417371815314372	0.9730509439709654
0.31618128934906053	0.601773089400208
0.19742821910175223	0.47943281498730594
1.291000118172258	0.7236549151999565
3.3333033986893703	-0.22814979293541782
2.344893656774331	1.4066777682586402
1.9625258453880075	-0.304448733616292
1.6096370731081269	0.6169673843916014
0.060970341242231996	-0.5812206772599643
1.3641250043175401	-0.6511013353309674
4.932440588769547	-0.8181076006026705
3.117232260424517	-0.0843279303217428
100000000	0.8721922458939002
5.492385679589492	0.8696380249676627
6.237607234419063	-1.6181658368115128
5.079405485087088	0.164020207875025
2.614101473942304	0.344517955602588
0.08972591184429568	-1.1935114872657724
2.639153960044494	0.22119529074625008
6.021381953072717	-1.3163757014108888
1.144887430873094	0.9414179972598207
2.1663545768546006	0.21909953037044938
3.2872685688418795	-0.16501487610817056
6.058502569860023	0.8871900656470848
5.794129788959353	0.8145587158971602
1.3872646130487918	-0.3395527929815964
3.924373355053387	0.2204748719052535
1.2166463534017105	-0.11281723516693737
3.958392206685218	0.08876914952081438
2.461663023443249	-0.057934391640122596
1.7995845827744699	0.07233049223033083
0.10190404860895055	-0.15905504240084178
0.7944545046555218	-0.30896772718182375
2.80449418295818	0.26913591212089083
4.806005625754288	-0.4975210745949003
6.004141045419831	-1.1749770646075333
5.230020456377618	0.629476486926017
1.4659974364540762	0.24234941546587777
5.731824556888466	-0.7545797348906439
0.5913238505303289	1.0291781385830587
5.899313574812748	0.10389795252498092
2.3787693504394376	-0.2877481041084182
4.648997024749929	-0.7548417034183283
3.9087918123947887	0.190937684737917
1.9643979130974376	0.5795055909138155
1.4266467005315566	0.9088026416567114
1.744645549278622	1.110520019289966
5.29573626978377	1.4910978098410408
0.7424319452679017	-0.05433229240701118
0.5113220040456712	0.4372555491607683
2.056858266143193	1.3257288721760152
5.006250577286016	0.9125357279028576
2.6445716223803983	-0.16036489919217958
5.265854438594022	-0.21275902018270829
3.442720156653209	-0.17392187579211624
1.7531216939703267	-0.7652550276348448
0.6773707869693002	0.3263109921570112
4.168479780488312	1.2812593595216566
3.0552677853461887	-1.4983797644422365
3.52216247789101	0.27660207335415465
0.5654726481505565	-1.0302382897193396
4.359930976252891	0.147778031217136
1.3530201431191458	-0.0037064734839606307
3.127656298544755	0.9239314630370594
0.007487519886895333	0.16415119384354743
100000000	1.2392785600346254
2.164859869777483	0.4168218404967712
2.1557919434277637	-0.24642224259853457
1.147544777160375	0.290879469527603
0.10024310508648959	-0.37288855552459255
0.5000492554379816	-1.3942464505086776
1.0601150815123157	-0.9282007517885699
5.9084706989144395	-0.6123296934269853
0.7018659067350494	0.041090496646727946
3.9664931362231464	-0.8980086474619846
0.19324372374831	0.3060082741234073
0.27462184342414186	0.2750302526382211
5.719140069438261	-0.3559151891387287
1.2008914858745197	-0.43774315772365835
3.665023411439279	-1.202235145844864
0.903973136856532	0.007429785404599059
1.250745559498288	0.9602112571097937
1.3619839902600779	1.0960233992633825
3.19591384122547	0.33199001299864894
3.457505367713741	0.31934565979979945
0.8929590612135367	0.8844761770058288
4.637650796429682	0.13662493692703478
5.3122834448083545	-0.08435642437611723
1.9521726202157599	-0.43453293141197563
4.983090125081979	-0.19573155399818187
3.5220109180708983	-0.2744148044536511
5.85088164514525	0.2748611219518739
0.7984749413767744	-0.5314292860073503
3.0027389079297886	1.157017658367762
5.729926440517272	0.3741815298400117
0.5687284372448884	0.8185027830825332
4.397536038896486	0.3251109628972942
1.940155125668447	1.1656656178809954
0.9174852000591756	-0.5483976233051134
2.478966061946828	-0.9030946450657683
2.8114621852509885	-0.21905481105836683
3.374524098770347	-1.186970190923951
6.113167061335451	0.29248460157453193
0.8977952925287549	1.7832079321493943
5.209885775901677	0.46970208516230055
4.856141012115753	0.2533722809298
5.966520051760315	0.3097149898388318
4.393094116847813	-0.8666684308514847
4.40746434911253	0.4469029465404408
4.987900367224128	0.4845739425732681
100000000	0.14140751130296195
0.832817324465605	-0.2641289798646137
0.8390312546661364	0.33821392167975417
3.574753067751216	0.658253626732873
1.9020971888923164	1.08298596165385
1.8951152231964024	-0.8765611700166366
1.7961701515148203	-0.17699432360833975
4.765689127726959	-0.28083525186626007
0.8766232446144757	0.4837877613039842
5.05158024145962	-0.22639247275017624
0.5332815631534089	-0.35060849553291173
0.363423282086754	0.5303032565992745
100000000	-0.21807209395244373
3.100812343210608	-0.10296262211790094
1.7654257697103741	0.3199352947023739
3.1341525724183352	-0.7615827194678083
0.12269388126397729	1.1748377042231384
1.4765177232218427	-0.8089499085569019
4.744910633179877	0.14966237685245892
1.1934208658294194	-0.9076806920001638
1.9111007584005217	-0.339536496188036
5.484236077869005	0.45915420707371996
2.2751494145008406	0.5308273776384548
2.859728563443381	0.20613611746871807
100000000	-0.35087054968379955
1.6049979904600278	1.0077749850751343
4.78228615785493	-0.21132406929817152
3.746179415634588	0.002843750918121618
4.987494977533296	0.6987417636580207
5.712743206739609	-0.2256062917703788
5.831419236907159	0.48516356723525883
0.9477462945613144	-0.8431486361453703
4.952814590840807	0.22762497455729086
2.7416094072848365	0.3596372443875793
2.8476573803809284	0.43294829233129306
5.798508374332605	-0.2707459752722936
5.9695178277154515	0.4504407379308319
2.6792868337099307	-0.37819022018705206
2.564815218347711	0.436617115578178
5.109965698009949	0.8563048263146371
5.743723145641902	0.023873995583966183
6.144031911706483	-0.3269576618824081
5.613434827476083	0.5116315450302823
4.486702202139162	0.0013369119407447036
100000000	-0.44973235933404604
4.857984560304454	0.04241467906431177
1.3196118907838557	0.26240931279432433
6.1355196957862805	-0.3938046815917728
3.5379079870841412	-0.2213320338284753
2.77988360197255	0.48849608856207155
3.5904792357507347	-1.0743015884013671
5.135546666905567	1.0689218010397992
6.13063179553778	-0.1902115578048956
4.130075272502239	0.22253420035330213
5.644276702213519	-0.0757623136368257
3.9579841524266377	0.11268593124337681
3.701588356436947	-1.0174284375886131
2.205629825570221	-1.136798153056425
2.6608197876768362	-1.0556420841729328
3.1099470199901393	0.20253274133376903
2.6325031082845105	-1.0585815971862622
5.578211414455802	-0.8859172517909512
0.0205215477795333	-0.9063660300153906
5.033809047944846	0.9011779484037445
4.766367778566267	-0.4432651547312515
5.340332203575909	-0.3006988475636282
2.1871699931854067	-1.4388010123069266
6.144951626551326	-0.048475977883087704
2.6763098023176832	1.2588398062385537
4.689769475259483	-0.2941808028999916
2.0928303937379695	0.900219405536033
0.1879539680684177	0.2783849176055947
3.013878476689828	-0.405179309721317
3.706503139734332	1.3310495503199467
5.200065625815382	0.16911177372216282
3.3258074110811364	-0.9425347859015575
1.6689322185720292	-1.192968401845569
0.7527232958023962	-0.5396300068381362
1.5542156114814114	-0.06144817060565603
2.443814045444734	-0.12368913343551559
100000000	0.14744885151071876
3.332811829737201	-0.2004359435287709
0.25220856462316465	0.04424643935092478
0.2432952505982362	0.6226272856959967
6.096915090135822	-0.33047737451394044
3.2772777398926953	-0.9957016052190867
0.2259524843427953	-0.2700256853094857
2.175630780395431	-1.866116510450747
3.6637707478245107	-0.17385253288173916
4.996766732434844	-0.5299807366698547
100000000	-0.33808176076075813
1.4891510655914952	1.3419129786462773
6.082266619317074	-0.015055011612701147
3.626046242660888	-0.9449630835817616
4.553381164095839	-0.8923713882906872
2.737897852566148	0.7203979873103888
3.8726339223297117	-1.0622879377170722
5.68109229035872	-0.4377695509341939
3.501774268852236	0.5980248444886777
1.197157915017448	0.3558985532397963
0.8462823468693856	0.24151322228284838
2.9937435725210513	1.9857298795060494
4.982159098383313	0.271227847881244
6.006568927958133	0.09754106021636762
0.9676234309989091	0.4446590281354484
3.065276131673829	-0.35936127067821494
4.820354713716476	0.4773770641460216
4.763640708700416	0.6054375283739178
0.3217702320938489	0.6795004449796117
5.750597824090357	0.7922243125505247
2.4445654213544437	0.4428697603514082
0.6104282555848322	-0.9981298938637059
6.115801658143126	-0.704626064069989
5.211203815958658	0.5048551096733405
2.0807345839528955	-0.7039231407280454
0.20182862563441084	-0.7972845841169248
1.4117488312263653	0.35455660988435994
4.733981520622029	0.6345131268997699
3.6816340032667862	1.0912876616113174
4.572511089882161	0.39155611045219785
0.9361325376916256	-0.5382241629778695
3.8368210757500147	-0.5761182892492285
4.66117826665527	-0.45317002522468275
5.4896344486060995	1.04585302164413
3.175201014425566	-0.5480012330263638
1.467404935232686	-0.07895743572852791
1.2823679198020965	-0.5609734171192425
0.7914670791875649	-0.4950900256108278
2.9634374324028965	1.267850051028464
6.2165529485334154	-0.8744787307803515
5.751566551110185	0.4430614621482617
0.9921791585885158	-0.765013860393388
2.7688144520352966	0.38420733144839975
6.075509622782685	0.679053114056681
3.977130252321171	-0.21743398730067665
4.495079809294639	-1.398159068042403
2.463038860075123	-0.5577783064632027
0.3713451288837284	-0.8201616577626721
4.038932466448257	-0.7499967976027432
2.7793009344265176	-0.349072983037699
6.211223970802566	-0.7575661497201511
1.6640018137920147	-0.4820364099974657
0.20776308404699506	0.5387604867591956
5.677207236260215	-0.22665784806586994
0.28639079833522985	0.19345162501457536
1.8907264866596538	0.0655666997676946
2.6790452072931266	0.8401802196669331
3.331005517149924	-0.861843548351169
5.038154541296638	0.20179903717445946
3.4438154669585916	0.46213387498030895
1.1348101792771355	-0.03010243921232967
3.559735263762995	-0.24348309609517318
100000000	-0.4089965743908825
4.477499648096579	0.9749778355395083
2.8267391578080137	-0.17592125093980868
2.2370507726426005	-0.014320616879060088
0.8986498366097422	0.3442919281811102
5.414618422705704	0.47582884693006433
100000000	0.656667649483394
1.865786772388528	0.11936836745801284
1.1810310553020082	0.6013008347843831
4.155465889670255	-0.24028760279391453
0.4609560863014721	-1.2370856924049523
4.594509017501098	-0.374172230583616
2.756880631456683	-0.9790333612582777
1.513054167562112	-0.4707543552331906
2.9803276518377735	-0.8353666135700681
5.804221007576025	1.7675904712436932
5.493619786913594	-0.4169526999696873
1.9344782446223387	-0.5824009655101352
6.221356827587914	0.16521390263572375
4.394161582698557	-0.3016541068164965
5.088992549542439	0.6071701190566516
1.188099440586004	-0.1712910482790371
4.153175535789172	0.137954393990079
2.7470608122502034	-0.22078857755314732
4.193741721307148	-1.3912519170127104
0.49135122631200545	-0.3514124959725115
0.6853310317836184	-0.6749398330571599
3.6502230122491133	-0.6902651593318864
3.4415405385912194	-0.042427910217453166
3.1897886480928297	0.550042524810305
5.331182433674874	-1.2256080072992388
3.9323892328770507	-0.7430233949506746
4.320687233715152	0.6594066341912352
1.6265052779187084	0.9415882167243279
1.4555220720672208	-0.790499267434023
5.964149956147012	-0.05710109192023266
4.93100639147092	-0.887798788582288
1.162498329148372	-0.4239958221932428
4.37129094463273	-0.47968869735474307
0.5939722162038672	0.3203583395539085
3.083888637739552	0.1564099936068521
1.3584088954579083	0.41367976765617803
1.4874622288593888	0.44152620516488866
5.200936535493717	1.654965667044406
2.092930821505333	-0.10751161918264887
5.222605708918776	-0.43586480457790233
0.7100325748227831	0.010591185517368209
2.9343244587295487	-0.3518037783392796
100000000	0.33568365891284235
3.436510917165574	0.9621306660042201
1.3848978831199146	0.1913647715693821
2.440428014370511	0.0811528782160986
3.6562309043023014	0.2979898910556265
5.763159485721891	-0.7001124735435421
0.8484320705005888	-1.1445468237052954
4.137124612731741	-0.5626410819723324
5.502316458118308	-0.3077842334290498
4.694209364628097	0.5060229885808357
4.284156129361277	-0.8094113808310579
2.049290702905335	-0.5512938279962233
1.8344869254267473	0.6466898884375215
0.2756801897467212	-0.3147621489846823
1.3140926179847403	0.19302124522935768
2.8605152122895054	0.5193104352639327
4.840837374264315	0.5794517687469352
6.144843086150725	-1.0675531393204425
1.258883761873955	0.6666716752038306
5.459444150482007	0.5567865598117351
1.5051034990139964	0.272461666211108
1.6314249257986901	-0.25123173756437867
3.5424739241727092	0.1572655752011405
5.484918047403341	0.38040190581362826
0.5893255467968892	-1.2924847230452323
0.2884599340662347	0.17439538125768977
0.967862958310703	-0.2419562057012189
1.1378416298957736	-0.457313060547771
5.202862658520262	-0.7911573202825004
1.356908504980483	0.7851590820751657
2.2458978433389447	1.069184773041768
100000000	0.2506940879842953
5.454156762684035	-0.7537559878821527
0.9335374236307299	-1.6833286236572906
4.585015078819535	-0.6929414239310184
3.5915563942912594	1.308478469254439
3.2022442551561263	1.4066195536268895
5.220084715109263	0.8672175998946242
4.64098392912503	1.4162690911788958
5.311777092835239	-0.44190371107659615
3.487564535806722	-0.12496485232421349
4.130319215116377	0.45378330761481733
5.68464394135365	1.5822561836873048
2.7974303777875447	-0.38565211016748324
1.7943265215797497	-1.4394719513468106
3.9731501740287563	0.9592248674853756
1.0630609741404289	0.11275798965298976
1.778755918106409	0.798623557905186
4.262181425205975	-0.9368728903721105
5.752523351562983	0.565463670541584
0.5189225340416268	0.20476526315189852
3.619872632729736	-0.1961021770239077
2.6324742942358292	-1.1518557282919228
5.035331169926831	-0.2810031926030404
5.964291350459647	1.165081774363251
5.739820401878403	-0.7254057851215513
0.8536207391106393	-1.7180370401345841
5.097104823721692	1.4283123370620376
2.7430007449093066	0.12764372426830667
2.8470998507815146	0.3444218288106826
4.013809625521306	0.1693087996413899
2.5483731557452582	0.36237445917421895
0.26543639820546083	0.3005126650155795
3.7937291407374136	-0.13581123845382756
3.246560425719421	0.3691815031187874
5.149794144731032	-1.4742551883968185
4.991259756991294	-0.4092897538574713
3.3587184526852685	1.033877908328009
5.005605228934035	0.6169279104821039
1.382935953292007	-0.216972119914965
1.2801775767051362	-0.162515785215258
4.440344511546082	-0.17904717141928572
5.3361516702133995	-0.17897236803393773
4.835615750443278	-2.4561148550776255
2.659008669524221	-0.42013613326294136
0.6626297689057168	-1.276626579869335
0.1724376757045647	0.0461836230374227
1.6369431301057453	0.8458988461114779
5.263211511856737	0.2367313190153049
0.7319914020698839	-0.8427110001490092
5.522624019230899	0.22238769889749957
5.779087972022084	-0.4614154540094159
6.1798973327062265	-0.39581548112356174
100000000	0.2756154463657285
100000000	-1.3349486529983476
5.685307161397189	-0.023493200658279607
4.074110280503238	-0.04959722612425576
4.653546682239539	-0.5854775497093379
2.9334971374454257	-0.5637242006237044
1.4803637551715239	-0.6410165933264311
4.986520096330893	-0.012208644992812481
3.745140579149286	-0.2259353688756831
5.9933127860031465	1.2838155278402645
4.737181331350352	-1.3968097677710576
2.3499834687735026	-0.13722246513953948
3.479449934119897	-0.044838681387243465
0.9207848607640106	0.18411539082804343
2.3112111015714167	-0.719804529394566
2.942067295484147	-0.8367967957730881
0.42500788908570897	-0.22681909855462715
2.8042075357706953	-0.2294702890933394
3.209619107902616	-0.9010371733773654
0.9386307608731315	-0.5786116467189494
3.399084039771934	1.0974164499627437
3.7418829997676166	-0.3552318792707024
0.14151063626275945	0.49593615754688375
2.572942107481422	0.1628378899795541
3.546789721083153	-1.0026661336149663
4.5152285832875485	-0.009557455918433329
1.9651593853244425	-1.5448685297073572
1.7088271025028812	-0.09861025716082605
0.4022993231039179	-0.959907197814747
1.082986664859372	-0.11798434108228445
0.7706365881133947	-0.2874565781446324
3.979462735066804	0.9639732053632283
3.70961835959074	1.0538417622801963
0.7221291338746507	0.754869070624138
1.5789243844306604	-1.0899514822954783
2.643046083298281	0.8940905441815259
2.823466268994177	0.7690087430842347
2.633967701002778	0.047137226574076485
6.063170910985987	0.12993593697311762
1.329103445155864	1.0562210263132679
5.684667708053933	-0.6752101443872547
1.9476552344528741	0.5345483594429827
3.901416384009684	0.12327397390575519
3.6338798329176827	-0.9705119677793723
2.6710514802468808	0.3308825655798132
1.420969432289385	0.4219747444629412
1.71666047977339	-0.01948242242248505
0.5701907835710109	0.42075111949302113
1.7619925044395632	0.40926262225245974
4.917002870378646	-0.1583640042183151
2.5084139505203726	-0.8778562560195556
4.51848563716413	-0.13599884016961944
6.211668582423467	0.4887983345089389
5.285845439647229	0.5600405792575534
3.1797222841501807	-0.31553200469377896
0.4549675196110643	0.2497153559416682
1.417480812723765	0.3313584239734215
4.702689767970613	-1.1539199198771943
4.340361485174666	0.6279518422847515
0.6689367140446851	-1.0564377151707873
6.152959634793368	-1.1348857499404257
2.5816430012017384	-0.6929527329217318
0.08987509717700082	-1.0258470608851848
5.274655541304251	-0.6816001984834267
3.8285769751312904	-0.20125890193564955
0.7200730965560727	0.008864916702364221
0.742946176797295	1.2197111088329793
4.249087439313204	-0.19819983881901662
4.4000974628529335	-1.2045644546033267
3.4272114957781366	-0.22539153523865507
2.4295152619447755	-1.4922526115451455
100000000	0.0716777341070708
0.04632568862530917	0.2698372133527801
1.543520369355008	0.562555801587241
0.9400301625236773	-0.18732316007093563
3.5862913160661716	0.3773803621965611
0.7617177973873366	-0.15408131412021084
0.4941236839193559	0.5445984443161639
3.6417763894744652	-0.11598599751836873
4.051272676796579	0.13194284900703396
4.675249282225822	-0.3957866232253421
2.0732677842450116	-1.0618731435336097
2.9740281573400154	-0.13437097652819754
0.19375067804879542	-0.8637984418165869
5.394880737906467	-0.25870444348825383
2.9374114890172827	-0.165571762731967
4.849363592528903	-0.3845811724648958
0.02309205300144486	0.6575922647516379
6.230888047596087	-1.1442700555352507
1.9394070284000051	0.12395813284031097
2.08430330395407	-0.024530780324245927
2.514959212716312	0.6583974625363439
6.098905509108266	0.6363891492343724
1.8992441081090448	0.570766840241107
5.149660399322489	-0.9582730970397125
5.071165478063023	1.106212647979934
0.08212077500308901	0.33840484481613886
4.320642519421611	-0.4483918205753191
3.6113442446210264	0.6646376075026509
0.9472082643313264	0.38859450347627683
5.64078765958722	-0.7695250922658065
1.8560552362202998	-0.15268885997224144
2.3108806864034275	0.033911986003091504
5.1582694407633936	0.1726045255091216
0.1367986658435072	-0.6346571702285239
5.464033602124947	1.358502878835177
5.17127698452307	-0.9959153246911232
5.560830046051244	-0.0006437229889242052
1.8012906369852857	0.2946566404265848
2.783163704525198	-0.3971285882417462
6.1116590571162455	-0.4830146262078751
1.954312585858287	0.9155858873133088
6.259700195317601	0.43187301348181406
2.03097438891818	0.9088089439937252
2.1892523575010223	0.4927313353985913
5.65779147435175	0.009219748264451452
2.482108422649789	-1.2660537872260005
5.963725174336764	1.003686180940914
3.644589777394227	0.3947004660572986
2.166151644783816	0.02572597345695071
1.2593194142055602	-0.44342652515812775
6.097690460806066	0.6218287864702935
5.707132738424242	1.1813629263824281
5.993295676099126	0.1820654033551024
0.6537376761735807	0.6194803373053733
3.654967477504588	-1.0007464188962811
0.05237313692346213	0.8246003693210715
0.26422141718894704	0.36001055448200986
1.3231256550936052	0.3484696110684276
5.290059523632228	-0.2992319181853395
2.610501165917762	1.670443676734414
0.016719766644621714	-0.5881579270468287
1.5462150871570284	-0.07720307895196185
3.3331730626411655	-0.2752777647653854
5.752783209080263	1.258123569519975
0.2609273246660955	1.4902171930587509
5.183151382785457	0.8304379385207951
2.0853768910524337	-0.9078150447017921
4.41650055910538	0.30519109744760703
5.735451820934253	-0.20354949845369325
0.5327774235419085	-0.7147727427715032
4.964855013586788	-0.7175908805556461
1.5595327643670247	0.8658659093247923
2.9806891308385084	0.961347045472168
0.6434130317137855	0.3125048353421752
5.888611409775074	-1.0772386868863095
2.194239081804112	-0.5887618179732526
2.009346527162722	-0.25454433785069436
1.3521573451801805	0.18072344400895907
0.14379024766811632	0.09342832826455609
4.628158410028018	-0.1090077585235174
5.780696434891556	-0.4045765180257431
5.7638490605141754	-0.5068345838266327
5.517510113205987	0.27385611542599286
1.3807004203581439	-1.2539089680066897
0.8698843216390548	-0.189727213596829
4.102562407567245	-0.9109015854122011
3.303218775611006	0.5622569395287503
2.253485144701324	0.457237765553132
5.86254550324373	0.7589896888125058
4.583496121527921	-0.39146924824592577
2.261581341550548	-0.9811244430107964
3.382185297613507	0.24509495174016416
2.9605792215999163	-0.5563636118007593
0.5023155654755307	-0.7017068895913803
4.8939639514929185	-0.6622653096589859
3.116721179850689	-0.8697918844796144
5.524281343744476	1.0866060786421219
4.274939099940716	0.02378757239948518
0.8758652242299877	-2.799510745608451
5.767887364441311	0.2237109595408302
5.054274704380684	-0.344220805205644
2.95684973990448	-0.13682999361911918
5.260509404531195	0.16614388326168003
6.0931380019174055	0.7667965576946754
0.08370226756795542	-0.4354591804167463
100000000	0.6316361227996894
6.051093591532195	-0.18170243973628344
2.49283994311501	-0.08055274719786516
1.9531624228417535	-0.05448464070710453
0.7363938636036303	0.6458921164118929
100000000	-1.4277444467384115
5.091336760894674	0.2527660355471954
3.671546257491913	-1.1134336585759035
5.404168236121452	1.2149100587972739
3.4226397678851237	0.614189496954197
1.882530662808077	1.0937340756731955
2.3377953237796607	0.008852719272152258
1.0943620366618685	-2.009660672779609
4.807743521323516	0.1514805740378867
4.842957504682911	-0.5524941186650136
4.451750289888588	0.2262906124324709
3.1684189854946787	0.06886367673489303
100000000	-0.007711391202173507
5.233991109508276	-0.12101262365830147
2.6464546363072454	-0.5157679673443114
2.571472801884209	-1.3179732857407098
5.848536412562675	-0.5623375620055793
1.4031040744171452	0.7308171389384693
5.496541194131287	1.9500442844256327
1.517937384858289	-0.16418792708063493
4.4711760090988175	0.8361757435152974
5.9966392347822115	0.9176385823684823
2.163542376738068	1.4800037025479664
1.452117524730407	-0.5250683063048581
3.2298575103601	0.4336814265311834
4.109365123380251	0.6540384112458504
2.6702777308791177	1.1362984089777344
0.921707067628116	-0.20301854840630335
4.207209804455999	0.03709317054203158
3.057411964267291	0.6682943945093405
2.4281374663855035	-0.6404061080450255
6.2683423725007374	0.6925295951086621
3.714536785246141	0.628920698237494
3.3563545264740844	-1.043782948911748
0.8787615591372866	0.26647894907635944
2.4359690384627335	2.2617754412938145
0.26914008860279015	-0.8840478851409417
4.112187991327499	-0.7027930713547743
2.1378459220934434	0.742832907710559
6.016867185184974	0.6892710857390144
1.6648828330953744	-0.9615054746359056
3.173873530534257	1.027002436603494
2.1019412761833944	0.109323553045348
4.375824222551332	0.9006671437966192
0.0968653377468689	1.1944085723890476
5.436653550826355	0.9088813297901919
2.5874730014216083	-0.844402627530223
2.498452416611433	-0.2476873358365323
2.7061467273529	-0.6589389092047135
1.465763240766134	0.0054584360197248985
3.8619297443019445	0.5169335907819831
3.7063633254957034	0.3033183060226046
5.341557513071205	1.0136121983086928
100000000	-0.3972238683291103
3.7269728307570764	1.331597180901999
6.028066098744562	0.8917157585886842
2.0971133123960817	0.4086763646385517
5.425476358638494	1.102234207048727
2.004201436270117	0.33158510422516363
5.673181752672585	0.6343495215385739
0.7510252212929096	0.14505059457423738
2.880063555356433	0.4290363659526075
2.9894107693232286	-0.35182567758461564
3.0815628465407445	-0.17194605423158477
0.15472564427128788	-0.6947170800106262
4.1929779481863285	0.6971426660337114
3.8531651509614764	-1.2226275258290875
3.7540083676923697	0.2806521561704939
6.060424085899725	-0.3148614094168631
3.9705764721915884	-0.20647240277598253
3.8510165027664236	0.25271480396641116
5.642288533080775	0.016696930495392295