4.899838538851207	-0.8876633986377049
1.7275660686312042	-0.6793332791150876
0.3991778310163392	1.2050025753617737
1.1414159420111982	-1.1291195042724727
3.3963188614966917	-0.422222743860056
5.486670208812796	-0.6101461619935166
6.13306326128155	1.7014027391710973
2.8460756415567356	0.23002317162093638
2.3897780164932962	0.055238319457062146
1.750757120210661	1.0950719193160545
4.989489346277045	0.5150182342179959
5.066704401842809	1.9074266419195596
1.9905657538223132	0.40061486688967396
5.899025335207073	-1.0228927983380798
2.238654267151187	-1.9702672260556426
3.227006743318105	-0.2201823548551238
1.8780545185548452	-0.9869015119985461
1.0221351284344031	1.4816811781796848
3.1023970823791203	0.24393048376563753
4.313705680464727	0.24197367693407928
1.5963203741396494	0.1985045919705863
6.28283125426826	0.4802848862658275
2.150135177538136	0.30543015098630927
1.1109055830687269	0.14783725412416454
2.274329532348645	-1.0504278733352372
0.7387428702645253	-0.7028149740634397
3.6139218160705493	0.32066529312605463
5.844277703592343	1.63717749387295
4.7630932724243475	-0.6865315316892151
0.06306385076987375	-0.5186654056585169
2.42017911667061	0.025466890343309838
0.8251480149688986	-1.0491000402521802
3.6121895449699455	-0.09236088563992542
0.9035938967011825	-0.33081186459977563
0.9434753521064767	0.7368363458069627
4.2276142394452725	-1.0787316954918134
6.2227351576249985	-0.39978933901364166
0.06353336949029736	0.8826185099176785
5.389671222487339	-0.2814723607628145
5.762923851774629	0.9634067161565697
5.375928969720346	-0.04057536884379842
3.442921885712345	0.3222726777401656
5.943882921326984	-0.6861821181182032
2.5847991869683575	-0.5434749179410615
1.3900118821029999	-0.8278410114988388
2.4201321722839904	0.741728360608449
1.4420396884252362	0.9232921501317192
5.331166909899821	-0.39245130816497675
5.474099634318085	1.3598000293272738
2.6745889858654928	1.1089792239723248
1.3075660642300475	0.6352920091871397
0.6292271764591256	0.08340237349094248
1.7112175520873323	0.42074203236154056
4.954058554046674	-0.23108456973822758
0.8162687749587585	0.6181000623774451
2.6705431875144754	-0.26476961100969026
0.6435015178665426	-0.07202405642326783
3.615050328268304	0.009253341661172535
0.08686040783605462	0.44184759700316895
2.4833477384738227	0.5450691983419346
1.462970836605324	0.8501914176486247
3.122206961210056	-1.190060070052243
3.461531424525033	-0.22060167053305743
1.3622756758515289	-0.8668373942507664
2.160903123165447	-1.9240726209921113
1.9383267850774075	0.17935583143920508
1.6907597434853212	0.8926122205197127
2.077996581554701	0.1704803146286368
2.5060796116160513	0.5498913379022091
5.570622233852539	-0.32207612079482306
5.993109113325974	-0.7372687639225269
0.8169869677755184	-0.5195739131819997
5.74596788845436	-0.31900114103518423
2.1638504053211	0.7896701428426872
2.8303782692595565	-0.24981401380037196
1.1278460425311891	0.9218944319258099
3.683646201449247	-0.482744012161867
4.796164824816758	-0.3829468202886181
4.344636484018464	-0.9374222261814324
1.5390620910752686	0.12197943944553191
2.7541170668359634	0.2587463130066607
3.9627450148466474	-0.15036625271380538
1.28551684111215	0.6531828282238428
4.53744809538358	0.02232202021119727
6.186945716625418	-0.10466081698710618
0.26796115878042825	0.8401278389078078
3.976296247570347	-1.2640693424829528
1.1158519043717732	-0.048192939836470786
2.4621773886174676	0.6297011304962793
4.216127494428015	-0.6286659483710949
0.47123069224489456	0.372800240708864
1.6957435372165524	-0.26609744968977006
4.11127777645342	-0.31487786768029336
2.665742712608904	-0.4515748483985383
4.764328749618975	-1.8527888878071181
2.5008454381057046	1.820208916678704
3.345166083954829	-0.8870344495161043
3.627361706663658	-1.6719239578500045
4.024026102201361	0.3361100988175902
1.7406569887830692	0.9945758805375009
4.064882324232816	0.1618843333493572
3.3129783700921998	0.5400374040307059
1.6714389178087465	1.136304650085752
2.6137498642336485	-0.33947773131070874
4.389407099031821	-0.5122358925237765
0.880693860757022	0.7812139457051689
6.269850406497732	-0.08306604713944894
1.6451319109586349	0.2560207583208808
5.304545488771232	0.18215126949153
5.870925807197947	0.14664919375722227
1.0210939563149433	-0.4181693557631179
4.58200266883377	-0.296987051500002
3.2463731918516494	0.005759041051178901
6.010155605105641	-0.954893736642631
4.45089905265805	-0.11479428459981572
5.4447562893493355	-1.173636852800295
0.3921851665026548	-0.7685776892851247
1.3961759870094301	0.8115444614373621
4.221369662396063	-0.47624459908181377
4.311534935477677	1.523752546481275
3.7615075014964923	-0.34122488285091057
5.944644711712404	0.9911514452870785
4.479703998549146	-0.7332852646733563
1.8746755106490856	0.5566003859699357
3.039885507166879	2.3574224863157536
6.115503465938416	0.10604543465161745
1.0363693101842033	1.1357455468692432
5.633741112300832	-0.2291277583518507
4.311057330130275	0.4160596716162056
5.1719956089092305	-0.9745316942498828
5.078819832130753	-0.6325096705809332
3.2370283694822093	-0.6077001533575684
0.5491374756440596	-1.5967965135720184
0.6308734324747407	-0.6384499804444776
1.3653803862196785	-0.18516947104356557
6.093570447497495	-0.12017550390770304
3.532709125560938	-0.008357926230477986
5.143969460247791	0.38391211327653396
4.480149828719055	-0.7121796963261128
2.6499499425855433	0.9195881972411813
5.660044277733181	0.9236304444197484
1.887237815438945	0.2442642576197216
1.810939401811857	0.3960278784940732
1.825973336136294	-0.8290013294101878
3.8652223351827986	0.045599525440995964
5.1007853532041	-1.5547086115927558
5.8111230059656975	-0.5761552961100971
3.5560063040529912	-0.5265941133962305
1.2636581765048982	-1.285832220715138
0.20028293292163468	1.4280624959342365
5.288831573731188	0.8260481257493553
2.143210589606051	-0.024542148403091834
5.115562559628071	-0.571395189492241
0.2832780765237741	-2.018189715039831
3.4811456755459087	-1.218910627107522
3.5749374542309678	0.27716504824503774
4.946922697446015	-1.4651765075292613
4.326317058734149	-0.3309394546544288
4.917373791614013	-0.7477293832860978
0.47716099378888654	0.6444637958945035
3.6182442391567573	0.21857364825552775
4.681960273785924	-1.0415963799950114
0.31220998843525827	-0.6986582201173724
4.493481902766275	1.6123068755080472
6.033950080287412	-0.02419214086603294
3.2056934045623775	0.22872388952603467
5.023196068042044	0.3630570947398455
1.892020539192008	0.3537468712335019
4.272737493230448	0.20058322494726122
5.4727515204409745	-0.7691499026584406
5.349624111071969	0.45832936863784707
0.18469267053064303	1.266148617415152
0.31891154219435824	0.7100553609308909
2.594231606137985	0.9524711430180255
0.2830929793882575	1.3428004523425892
1.6313619804509658	0.7150954856106475
2.085459504828421	1.0559336071481344
5.656219193858272	-1.4158953156578018
0.7367196709416817	-0.8560919729630108
1.888699382914389	0.6147130914874745
1.4227294256193321	1.0993346486108793
1.3135943163030444	0.48591002029125147
4.606792274447505	-0.8735223812580495
2.660114642109663	-0.5018135230880597
3.862145531679001	0.4092581927873123
0.4779251559833746	-0.3041288153411073
1.4594349645059257	1.0326930495574196
0.38207297843870514	-0.672967616146814
4.999899470154583	-1.4571263077693588
2.8168775518413542	0.08284041150157549
0.8131905836385219	0.9121501712529044
0.9398168062338108	0.4308887120963338
6.096581544428849	0.5668319565197752
0.8723306750616304	0.2005132157920998
0.12823076682439627	0.7311258778311659
6.234321900064867	-0.34696983697694955
5.9966489722158185	-0.7048883674305315
4.022489905757721	-0.36706030798206885
3.60066234372089	0.1352716616565439
0.20740994088608566	0.04433949728685296
2.8695151860804984	-0.5811254184395656
1.4170873808511235	1.2353478827027995
4.792399144031121	-0.22481691946280374
6.0760885775936195	-0.7930904583884182
0.6297930637143598	1.4195922894961033
2.9696487417959876	-0.6021259193798058
1.9597951193381735	0.43242874431599
0.4447616936915324	-1.141768786863315
4.934282317580851	-0.5908556480055149
6.192201137767857	-0.326109342438504
4.696132132320967	-1.3435135882176996
4.256310579164023	-1.2868122313486772
1.9874490735125026	0.7285358020057522
1.48114802218007	0.8333983044808759
2.874336740509428	0.10727099466416098
6.2558689639114515	-0.6301265835883768
4.7221655582968065	-1.0021154429289088
3.4571956317780668	-0.3616001809544556
1.146094930570003	-0.359780143122724
0.7787723907654414	0.3592070041380511
4.0973428969173895	-0.31861915977968813
2.0019540783432497	0.8261881255009329
4.608488603374512	0.3188860354660543
4.5994479261638554	0.01458878599762255
3.526615660855051	-0.3578200911563873
3.7046360419403412	0.5779622213376153
3.6187708397187777	-0.43006181575178803
0.6246303873918393	1.89007351414502
1.5358757632300826	0.3459766836585636
4.75823062578534	-0.7289689371404581
0.7649275854426651	1.5244547857849786
1.2103658955180085	0.7701867946092913
0.7293768769961622	-0.2647178715585724
0.5191080825430365	-0.23104707218893022
2.9860845317254863	-0.48865321878609214
4.725139413705174	-1.3111028081094682
0.011332670900894293	0.23180397113218662
2.81875910317353	-0.037422453767366144
3.52300133990251	-0.3734304655634278
2.895287342272112	0.2745049830604578
0.218524056509116	-2.035690092279416
3.0259137416238935	0.17594263024878123
2.7212362561115615	0.5534616338142109
3.464348834649471	-0.5500446709236242
0.4841230423601006	-0.7929504728652123
3.3441384008398423	0.2725449327180113
0.0755410899130462	0.9099101371822365
5.6696782550812195	-0.484383111888384
1.8648961640595552	0.7426061469769483
1.5005997474559987	0.8781293819383473
2.922976417582893	-0.8608520882416147
4.859552091899163	-1.3037526368014456
4.427108091993649	-0.27423809778540653
0.18352504359461896	-0.5275741388767663
4.330968892016356	-1.416945342251376
5.483073089987648	-0.3758105272237913
1.4639878995447382	0.35192682590094404
4.364416066439957	1.6683082138231868
4.482255625871142	0.026069057617904377
0.97823188739972	-0.2335671284972162
1.4256542923374953	0.5594117704889677
1.4268113877799466	-0.09909392461442139
2.6882292012089763	1.261458508198585
2.3241564590694033	0.04440949625207305
3.1133848367019468	-1.2512513986792169
0.5703903504859369	-1.4359158096762519
2.5129563775741803	-0.5237940466041986
5.246388065919278	-0.4334918955769621
2.3689774945547004	1.9094639437071377
2.036260464403872	0.6148530961880508
4.5452066215700855	-2.0003392357295775
2.2754396611513523	1.1152950112616162
5.778861155828778	-0.3293994153205868
2.8443421227090244	0.19456307478696902
1.2770486185807295	0.43767887233486186
0.9188019316039666	1.364500975548461
2.675628729458456	1.353300703431334
6.257748598294613	-0.7785301204729496
0.8345406679892076	1.0548135868650201
6.096337929720801	0.40106800193658
2.1232001757784644	-0.380220625183331
1.9321407336951284	0.5874124307151414
2.117909770270766	0.4090481937785709
4.3303142409221955	-1.4110651943171608
3.4496101838075934	-2.0450703156615484
3.4719442428803653	-0.6721975791583973
2.6604740275614356	0.5944826151631541
0.8530890558929658	0.17748267012391988
4.3286468753676735	-0.568035100959436
1.691511990517637	0.5495415405528159
6.2381103955638055	0.2770250379768379
5.334766654903111	0.4929801945706184
4.588865767262501	-0.4001711010765592
2.291269849526694	-0.15663529685043567
0.9628649829959901	-0.19247614990163972
4.101674451230075	-1.4102951845482374
1.0073593529475815	0.19274303316616026
4.720917798561152	-0.38092064219065147
1.6647071167551453	0.735554048321557
1.612619951159938	0.9684331473498192
4.313316555008127	1.2231512509999807
2.686604407495737	-1.1672369737425794
4.42981246433421	-0.9335179033387073
3.4137586647058384	0.11636299684634897
3.181086849201189	1.3914933716361275
3.2316866840971024	-0.4364711581539497
3.48362227374043	-1.0343831989660845
2.4419894005852942	-0.02342046963689761
3.4000540248143967	0.8268997706307768
3.264821765943907	0.9472941452670582
1.7827808327154262	0.87414756481516
1.2587767702643422	0.9134157435130233
3.7426269298752377	1.3740641889000271
2.3033278035180444	1.258989570293049
4.995283998851799	-1.3865367301786922
2.062864991179609	-1.1100496638529163
2.6178208041536193	1.4036028057658985
3.850397393338868	-0.2883580763837444
1.758996228632622	0.3359427314773042
4.012463978554528	0.3023443034237332
1.4935707546775303	0.8173802183443794
2.961146128801579	1.3310162144788227
5.602970764996591	-0.053029080460686544
5.794287287775008	-0.31985660444819225
6.101987146969268	-0.9745360122989319
4.770017016076965	-0.6600407008326228
2.5008771498774665	0.11580302283676552
2.8442082210241493	-0.03629986559418265
1.8610133609908708	0.6202694325406083
2.4709991812942143	0.08843430104394553
5.938628084165545	0.5068047456676237
1.4197275416571093	1.441681014911489
0.9885565243492608	0.9239852321827804
1.9054394027986312	1.1804532500121927
0.1540824259745115	0.3008043731189578
0.9243643423809447	0.5977304884748504
1.064526364758237	0.35267194553675296
5.650764466897529	0.1200028283725773
5.4972886298141255	-0.8712908208676906
1.190295879818228	0.9490440557348221
1.6840510476265416	0.03705670532198338
0.004607215778978713	0.21190852956270742
3.5979074578802948	-0.5515457730494406
3.9092213568054994	-0.37361408725392675
2.9282620800899375	-0.6636105294025109
0.2904652413220168	-0.7980742491931635
4.021392095239893	-0.19484245157849878
4.443807787654221	1.3435456206876129
5.66482415050587	0.17299034788166767
0.0116802795133584	0.2984944812186365
5.603235075839963	-0.2445401255210459
0.556869108231842	-0.08123776281361116
1.9104274297355737	1.258499577299505
1.7013752267425648	1.2892981598889277
3.0486687190624444	0.689286207958041
0.591787963309107	2.0136242510159086
5.460550970457429	-0.39951288527448414
0.196078694208062	0.3600216047604877
1.6922025809745618	-1.1756365984229888
5.545000318386771	0.5412431269984725
2.1950396068406723	0.5303236398427617
3.3302523395880463	0.5540525349033574
3.1830659683031666	0.6459582278199643
0.918033820760682	0.6113098533359224
0.6360986042138501	0.7393338551793591
3.7336572530527814	-1.029133424262111
4.798411264053349	-0.332176029411477
0.7770892653975316	0.6028402473301832
1.8350570877815553	0.003528271832376067
0.0019464065559180455	-0.38040377595726244
2.2237238415719225	1.213981673384162
2.188077249666743	0.5195441447203164
1.6326012668801324	0.05147602847377053
4.038700613838578	-0.3227964728698321
5.40556073332805	-1.233733878333865
1.8505041885941091	0.07807478696994634
1.068423574813508	-0.4497005369006913
3.6859472765272754	-1.1547775686537167
0.46580447135225267	0.2702158042505521
4.094939948223633	-1.3772971613402445
0.5577119153732841	0.831729547275322
2.981453809847208	0.40383955500460506
0.4897455905075327	-0.049249259965102515
2.3303071795794104	-0.7689556105921228
3.327936130833333	1.4215919677695226
2.3128308003288085	0.5062447664001002
2.938016019079006	1.2387605035909548
4.815191484509782	-0.43017145325242845
1.167119957965368	-1.0443927331115652
5.2483179228941665	0.09144416153876322
3.7039234986629537	-0.5869641153148403
3.430269004068121	1.463170015170913
4.983439823197963	-1.3068104378712382
5.321403196591685	-0.6221724761800892
5.444602558368531	0.5705717599898688
5.820459712574786	-1.108369740896294
0.955098522552121	1.1847230288317792
0.8376173270739375	0.8818471968537299
0.7207477706043486	0.7391238654283626
1.9048408818879832	-0.03825977354520768
2.0705293603279045	1.1845130588753803
2.113660832699334	0.5838711407844095
1.049379312669486	0.8393591806682891
0.1674604254406944	-0.006061279051297607
4.480325515689648	0.5170942657353789
5.657519630683286	0.06092558845502233
5.622299362894717	-0.5350965503200191
0.7027836750142518	1.4950185279578838
3.8293924588032096	-0.4811290618348228
1.3680335081933794	1.1257857923912415
6.1555080401849285	-0.21696141629690874
1.0049972655611166	0.9282550332712891
0.41737086217415204	0.566931923514991
1.7002967862441736	0.7931613587449734
3.5634498870561586	-0.9867154252797083
0.3659434679306006	0.8747775402539615
4.214986646233584	-1.1619172276105747
3.1656496621956602	-0.755166262165866
3.489770658206011	-1.501541352614392
2.970674486829507	-0.14955456890198238
2.0712500249887644	0.688446250191217
4.789944811652909	-0.28653816541463434
0.48045584293414745	-0.5549756121957025
3.663231635843659	-1.2482232020816884
4.095043431088026	-0.2835982996219645
0.05104304165093136	1.3609047899321625
0.3967940643988399	-0.19337252069255265
1.4607921542800852	0.36016159903611006
3.3243149373034164	-0.6412815769241623
3.8033980508538705	-0.7501264904350616
4.3784573303716385	-0.16558382171741887
5.164972607729057	-1.7732686471270376
4.27099806810131	-0.32195650891719635
4.810714311347097	-1.699142105431298
0.8390795136025249	1.2329507966316273
0.6001904398872067	0.22653784263750382
3.617926709695773	-0.2771585986664001
0.8799961042771187	0.5630121066850693
1.9513758216779067	-1.0413828606317375
4.549557433984703	1.3561450205933565
0.12909851623053648	0.7978511269638519
3.456394484751181	0.48062596358053516
4.558891898987367	0.46529667502952676
1.1583385722758837	0.10915333139563937
1.5111099916005113	1.3748341492584106
4.204225942633343	-0.9135688423534853
2.642634346040271	0.1666206450304475
6.077165446398647	-0.7287902019939432
0.529320426030333	0.17943479920670294
3.3951178193220493	-1.5418197875003687
0.2868670673516638	-1.3867300170495311
2.272125506368483	0.20078122765383205
4.428455935560335	-0.8792514450261353
1.8561955072448506	1.1707657997567225
3.5469410502942686	0.7932310333346074
5.722264903340685	0.17321739066167036
2.4827571117303844	0.812919490051491
0.41390379893800855	-0.7761806611903268
2.3965309580318044	-0.4797485170633705
4.6073231783444015	-2.0206292174057747
6.087920959050379	1.4019842660940431
2.847647835727633	-0.42468991567315184
3.2302605853960067	-1.3839667518692722
1.3171943620998612	1.2495196266242574
1.222049910159953	0.8631423202944951
4.7437738343428055	-1.1912961910844355
3.1617855433578086	-0.04052324756358323
4.141172587931086	0.7761677112617763
3.57783305461607	0.0969505317680058
2.215870282652313	0.16727631213740812
5.297832305359789	-0.9850164470891032
5.067710540086512	-1.543684997235745
3.729307508782155	0.4036068675853362
2.331899837927322	1.1128057516732783
4.688389759854333	-0.50378915587747
5.147723061931294	-1.147083528176208
0.8828514014002753	-0.4632378401511396
4.360474669580338	-1.5249637082403567
3.6851092347661694	-1.1476361943990623
3.6919196446038107	0.07774565521071293
1.3576801767095077	2.038923061078972
3.800960524632004	1.4877153962718437
3.0698857747491886	0.2369803547200703
4.280811662688553	-1.1785850608768222
2.4185193499011013	-0.3577491675365982
0.536495634718559	0.1109051594889476
1.7244652134097798	-1.9451222963557577
1.7108608863706305	-0.43304887751980214
2.004987066165649	0.2050643287625665
0.9087311038923742	0.7969614760043638
0.00728232165515319	-0.009367126787970819
4.191888818169636	0.261228242299365
4.5095672314191475	-0.6392595428160287
1.2139308598884213	0.573272981947414
1.221110445348498	1.7319904308788159
5.4456256944136365	0.3459231446768176
2.75411017112482	0.12479069927696919
1.2912988800768805	0.7752696257497622
1.2013597691278601	0.6652215390615632
1.8804445944013324	1.1267603784403135
2.2419578020922852	0.4910650549843018
1.0948625097414517	0.29949984080114567
2.383336103243174	-0.3062828561493003
5.094351645891456	0.22240399123467
3.177238918120741	0.48823267630643
4.3009625775056755	-0.746613434628698
3.5015102271479552	-0.6733862016136939
0.2082810675078548	-1.6784645910782434
4.941182156145851	-0.6141826618548286
2.2148895126904016	0.7592425502501576
1.2001005325983756	-1.2627963729832758
1.148097508451274	-0.012752162046640578
0.0620404813525397	0.5278859204096241
2.753260649283104	-1.0453943668572772
3.633758130914316	-2.5119425493579772
1.867860157589874	0.22502911184675886
0.32786798367721576	0.17473720445951638
0.45799871166048955	0.3280308244907051
2.396857955592682	1.6251891576699917
3.532905781514593	0.010390410077956548
0.792513157251475	-0.7569757779556889
0.11551251975697036	-0.028917417559641022
1.0226373256963595	0.941343483381176
2.205700969278864	0.6832520080988859
2.8950978957282967	-0.5142205809560675
2.866129720962971	0.2527311157285014
6.113571439055059	0.496315314504405
0.7521608133155009	1.6349297737795256
5.6170554155138035	-0.54019551492015
1.3714660089840223	-0.5305930858180836
2.373596257414252	-0.13848194763066018
5.894974342182064	-0.9313395060667695
0.26846318962963345	-1.0426310943510166
2.765763660667853	0.34060379913160704
5.948908215814984	-0.9047428168022246
0.9863406234173864	0.4879563480790038
0.03857228087463849	0.6762056132690117
0.49321073025670653	0.10883268819649108
4.694537019676204	-1.1607618151163148
5.843069764697383	-0.6902422735477045
5.9106029751321465	-1.221968737881771
5.058779273219751	-0.5871024039920387
2.185601109559328	0.38764885094358364
0.059873744360210424	-1.0281238117396287
3.078511096388935	-0.9319612485467293
3.953897469409783	0.8018663182194329
1.6501197241635837	0.5284385780854768
1.3613029835866381	0.6773109365572186
0.7136725668218684	-0.31160218582150767
1.783473283891439	0.10427325203989937
5.864867225925446	-0.0028733915799185592
1.1512727235408227	1.1973624890212677
5.598315275859081	-0.6408484328709803
5.152243812987828	0.1519400411425847
5.821186833717316	-0.3388897071014956
3.099242017823965	0.026555666861590176
1.7746565852909626	0.9783716026083195
1.2024940488192324	0.7626966475984845
4.2646886099833825	-0.1755791399097834
3.649350754558032	0.6561717538990968
0.5949505545167852	0.24264510406299986
0.6735307302771174	0.7900532434567025
1.939767754047553	-0.4673136900526784
3.7350320417335947	-1.3647618686346341
5.930843585584174	-1.0375190081021284
0.7862496527997962	0.47455438112457154
5.434608970121479	-0.04874403848562847
5.84549692201176	-0.977624643272259
2.8334485974566004	0.8752317293896529
2.9244031634199477	1.3149405704257169
1.7345061907189567	-0.18594148697608762
0.4217131190049735	-0.06449480153541934
4.550680383214612	-0.9980730031487526
6.018847268685497	-0.6875480730250486
5.787682977978426	-0.34925204752861094
4.425408534505162	0.8466316516240159
4.0471258017279785	-0.5544955644867208
0.289940209372546	1.347202014604005
0.5415897532018796	0.7859773993549148
5.273902266237723	-1.12014142771163
1.2957904206596198	0.487541853906364
3.7572429881703826	0.8315717107262753
6.191078546244947	2.0630327657716747
1.671147193524198	0.2950785664593526
4.357453871939377	-0.9623574469701345
6.042111985871708	-0.4972954077344464
3.3210230412614	0.5448110850842434
4.825845018955369	-0.7459226091761314
2.4968142182657864	-0.5829574634866418
4.454257874439657	-0.005705766175070819
4.470489880248985	-0.5763255652714079
6.24637046153244	0.22413104704405365
4.291644550161934	0.03152959422417259
0.5750029044571932	0.7354782298954825
0.05314571491066895	1.1397478417593543
4.1838901534306245	-0.1540254670472725
4.138544300452727	-0.1762008817029306
2.1349534400548364	0.14143953276705232
1.5262958380755878	0.035743612894487894
1.2797138682389084	0.4035377754552277
5.7162664679848305	0.12375446167046318
3.079244883637548	0.6718534287297954
0.12813968322402314	-0.3893888631299254
4.452271866416768	-0.49432488020536447
5.345713627870522	-0.3241751670252859
0.4075355438406145	-0.7642294229243835
2.699193940733678	-0.6164623816358474
4.889938435046677	-0.878698793760534
2.6828946864697087	-0.08349243844686256
3.012230470763729	0.8975453112878372
4.145099756412405	-0.19257338698466564
0.26501304756774324	-0.5720424624837982
5.581680905833181	-1.0110604823407963
3.432783724555847	1.2244427432210567
4.721425711541978	-1.3223453202791733
4.104992636839572	-0.2611721098944262
5.648511396126353	-1.042009363470559
5.967143725108405	-1.1649758410363191
0.3583992842180779	-1.3693903777382759
0.6078891836549145	1.2459273560047155
6.1188813895709515	1.4135210040823456
6.2518171465239085	-0.5640979999990384
0.021163620979522513	-0.01192317342279064
2.224580018841666	1.1332541180363356
0.6604632986107379	0.7286390803204278
0.2993472856418071	-0.7208457390465388
6.155620783712898	0.03070060622229946
2.730785930182658	-2.138000041345402
4.037435072826412	-1.0449108080270342
4.809447529284377	-0.9075061186124908
3.8295088410133173	0.40485034582975454
0.04255850256722349	0.6024948055507616
2.340751394299815	0.4351083905179486
2.8429987255920373	0.9809967140533674
0.6146836985312547	0.9526729838985353
2.8740804391631425	0.1234781347403497
5.410998508020889	-0.036309224462372516
5.0666101642171695	-0.4080410862467101
5.977263721092514	0.5507521657834122
5.187008235399226	-0.48852195934640785
1.3638851411910666	0.026279340313039263
2.8559883370847796	-0.44202957421516087
3.845611345560563	-0.055514106213685945
4.32787822913834	-0.8488552426344794
0.8634114944855898	0.5190433811124772
0.5615748339415152	-0.1640378325182547
4.78832461757752	-0.6197381540691745
2.9270270245629577	-0.834014268392509
3.64115917587454	-0.5501365099711079
3.4642706135395223	1.651422372751525
0.4487356858179936	0.1796765606463242
1.3909545286158214	-0.2312847927235424
0.3933478343872032	0.33363124196507543
0.01592454885892547	0.10508852910835095
2.94071469221784	-0.8407320346967625
2.084272161841916	0.4579446316868823
0.5831508546368636	0.8091385884919748
3.6767496194468716	-0.4192438639634813
5.67380646296496	-0.002811335794079156
5.781012521154761	0.3217885799620666
0.4829153182560772	0.9171077181578431
5.22203588220157	0.5769946026093681
3.6769426732422077	-0.5256893646066696
0.21682569199014132	-0.8991835588511007
5.395234424704307	-1.7954865050571
3.716325449809585	1.0035384207262612
0.9732971251575684	0.5089165730747829
4.452990355421501	-0.46952325709530207
3.9519861593735053	1.246555480351465
2.396570958260895	0.47214197295419635
1.167641093014181	-0.20780722372319121
5.5972901271653654	-0.5804011041101143
5.590940929869866	0.7168904500016097
5.281852677684249	-0.8676031121543676
2.9078190677968254	-1.9276950272620956
2.8821402585373725	0.7075409847021983
3.212337460168694	1.050355051003641
3.7712591064051915	0.49970561435113897
1.903325666930698	1.446218709352008
6.178864164511869	0.23106403736828088
2.7054637606662806	0.3975539478425336
1.3597062001693274	0.9932886207603365
3.648139275173053	1.6384716165243665
1.7032054677180586	0.4151448163487589
1.5945684692217341	0.20010689650326874
6.220234718110697	-0.4650909129422854
1.0589592921312292	1.3028601100453538
4.772822519113104	0.1985832740599067
5.084873460446577	-2.0977169836386107
4.383102089029999	-1.2133259175318039
1.9991873557168702	0.8994475957517045
4.3799970353920585	0.22289191162451852
3.4955900318478506	-0.7666287876495295
5.750300378808186	0.7224308807284063
1.960368910425558	-1.452395453757483
0.6662988794062841	1.6555084388365613
2.8639077622576017	0.503237636996278
2.755799724408485	0.47969081405776165
1.9869932092458562	0.0027290948179619916
6.264766129518103	0.44644823642930676
1.6826546530315047	1.7777441693309304
1.1496221236185071	-0.47243198813840764
1.9132369889967933	0.40870406319604025
4.7271969775990925	0.33820209912016996
0.5944875783836086	0.8964003598924166
5.230994390524587	-1.4963725838640576
0.7904502774062268	-0.33004294840327936
5.806735532089189	-1.2807113793018667
3.8486323827527062	-1.5924990472427103
5.867250777365169	-0.3993675738797969
1.7309811391361674	0.41805352543530366
5.472618900886712	-0.617037190463586
4.091162632876178	-0.4396741878858492
4.932584665489022	0.04899168115817019
4.2340763761493765	-0.5313683049693815
0.6976859112392901	-0.28024833616652506
3.2572920894062882	1.3577103616328319
1.9683603415239554	-0.33198210044292026
4.361202773239601	-0.2159101035234247
2.843893612725198	0.4113357658633755
4.60568486134153	-1.137283506816368
1.8084727164631573	0.3440888027126955
0.4855189145648442	-1.3112530012811174
2.1308300061967715	1.6855652697457542
5.443001844103753	1.2781359515293809
3.7806166888901283	-0.3636318016515962
0.11581648623769514	1.6804403691507621
4.055770975406158	0.2402057532850475
4.194839869090925	-0.4297014243285829
3.1877081282897173	1.1498750053584526
1.932494628840912	-0.2595409879995864
1.3074346592091182	1.5452538922217076
1.5384274140457297	1.4183088194175117
5.5903409882490145	0.09670862892698343
1.6301239162780163	-0.4290781328030531
4.697903265629787	-0.8944741871638544
0.15327600488439952	-0.28592727714126653
5.618581464352111	0.05037678730979544
2.741470551098363	0.0724692498811955
2.701304780915764	1.930244495188365
2.0798351033932843	0.09213777318720731
0.575243959811674	-0.683937870956064
2.8016847998789007	0.8902366315197945
0.8243983661343126	0.7878772002513015
5.079844450499835	-0.027327735211438123
3.668070882060641	0.5621739614011179
1.9088292534875246	0.556564267899979
3.830284938763745	0.17600602499910734
2.4942166318159167	0.9476493383010051
5.485807376692983	-1.0221810727580571
3.4824517604094765	-2.2761880278059543
6.179938682019213	0.5399429801568034
3.6328793355537847	-0.9031311275408133
4.931427288796736	0.17725261812952883
5.844059243452255	-0.21147775724743048
5.921093600338698	-0.8989757968453461
6.122529773858789	0.33224613523967245
3.0501008891332653	-1.255710199065945
2.6059402609855127	-0.2250518120193328
2.3246161099841576	-0.6660007323382428
5.2708791205980905	-0.6618454117412635
5.406002809946976	0.04296646417148531
5.931465274388853	0.05681753617830715
5.8686643433128864	-0.3364836977308132
5.3901642111357635	-0.6809599046034434
0.1667973109949017	0.7451466470754906
3.401155967593417	-0.9565962582879565
4.690246090879466	-0.2950689853311598
2.54459326631043	-0.6946724577078397
0.6639068586443022	0.3742841398916407
3.575203249253087	-1.216580911112639
2.2176269716235666	-1.0398412080168167
0.392920126322084	0.4785134719392389
1.6154734132629818	1.087337415119078
4.584111135654768	-0.6130896327904056
2.0875725798199403	0.8778399224047109
4.464968721994945	-0.052605943402359835
1.3381169988367585	0.8610801083478141
5.176998673436572	-0.13564312971014714
5.714970252175186	0.1530132427463554
5.82626535821287	1.184087162066876
3.9613730766696653	-0.04533413025379451
3.9664914145881784	-0.7448826065027093
4.576061687336052	-0.22491329473304797
4.140441538928117	-1.5343937996262784
1.033446411287633	-0.7939846433245716
4.935072596359464	-0.6324811378860757
2.3366803631227757	0.7373900266763354
3.889198789027442	-0.949185943804127
4.708309424251426	-0.8453721344292232
1.004704629622385	0.4648009094631397
4.887581161104693	0.6208332622499201
2.260228140550195	0.6539373173898388
1.5065623676224673	1.330700758626543
2.245600731690935	-0.26518578484805955
2.453400109893243	0.42125065902960496
1.8931540127787372	0.3176165858370877
2.7950515329579075	-0.4062897096998751
0.5627586802105453	1.0967525916794545
0.57738707280539	0.024056353972323186
4.991966891501724	-0.2564103196808204
4.963633626418723	-0.23224296954725643
1.4044142612089745	0.7320135835260296
3.140606544218169	0.17546796472576323
4.275154681164793	1.3392619002771822
5.4415593503204285	-0.14177208972025584
1.6196573071705724	0.21753448566631342
0.939979728824742	-1.208339431103012
0.4848004400900372	0.510676831826081
5.982403824663465	-1.5454287586408648
0.03768574100190314	0.7968545211763672
1.2218546187000205	1.286051921563399
4.202689723076816	-1.0053197354534318
2.1938950830616974	0.08367380409331432
0.21664429607661706	-0.1906639713889945
5.6570390141480305	-0.9078841935083778
1.98515880043374	-0.9737001871865643
0.9110789364448593	0.4106643816578169
0.03238384975193554	1.2981007906705426
4.092523630399915	0.5007870195505288
0.852543997700848	1.2280363416407525
4.737444518581256	-0.9337927216158247
1.1031049771545742	0.3170594135139043
3.8194891897510823	-0.13835941008705196
4.4016559324764195	-0.47872212525441443
2.0873711478473016	0.7646081782807035
1.6958102535483235	0.3641404855939121
4.363859264076116	-0.3365735011425928
5.288956764946459	0.1818754497506121
4.888321724451869	-0.6850848585360144
5.054518633627778	-0.3022377530431169
3.3154059179047413	1.4566163218478387
4.40324460629035	-0.0040808533925405085
4.19321975082329	-0.5753915402526054
2.5250394476622913	0.7977599348952884
0.23581039964011688	0.4082964028233356
2.7714657898845045	0.42981718234451144
2.2726228056378055	-1.429954754500617
0.17524533042407064	-0.41541340395312004
2.232506076138521	0.3765375732468535
4.468618861535354	1.6055903286145592
4.464439251004331	-1.2162791257834875
1.9839012362160435	0.19608334626139412
4.053747976674712	-0.31317226233791934
3.9332489933504053	-0.6655838309175172
5.165468253730486	-0.7674070949829185
4.116440696036181	-0.1251265651803087
5.417433197164678	-0.06105173555062097
4.413982823973198	-0.6788166783631426
0.3277015768629443	0.10721434147969511
3.045980926599067	-0.7134310102488167
0.9437272111119714	0.16021536868569966
2.2809870743485643	0.5018317197337648
5.527325813716355	0.17498043786587622
2.4874565020194286	0.48643982992048307
6.105470505526953	-0.0693396718576417
1.0277142770334917	1.0385280688273737
4.000688770857237	-0.6369590933508666
2.0374055057960243	0.06271019258691563
0.034536721202287346	0.294772511662015
6.118906902225078	-0.687174258287
1.605357541644034	0.4564221667775103
2.729921835563402	0.21056982916457526
6.089571513783044	0.6940562133928493
1.2051097088060716	-0.305789726439922
1.0844384188123226	0.0059482515070011024
0.40210768630510607	1.284519704598869
3.55748128475099	0.5032246480797768
2.81112776489919	1.2977525631232534
1.3430954128290082	1.0743960453644346
1.3517246616834386	1.1739906306003747
3.4845102059655964	0.19371536654215088
5.23400726128422	0.6405676580575166
1.3495674036945502	1.7224572306342323
2.4213347916214745	0.7056175441766681
3.437681674118828	0.35278809620081103
1.9780868891152554	0.5530915974706095
3.134965098472536	1.3313221969798943
3.051402610182336	1.521039393027136
1.0630941079321097	0.06403347923948663
3.983901364291803	0.10679646304513378
4.912382451168151	1.873172375137399
0.4274993298387537	-0.7091825675146882
0.4383769298550302	0.43239411210975276
3.148609969934304	-0.7984694604633304
5.21196306578899	0.40188891310540137
0.06548932782855132	-0.2470776818826546
1.109005848139983	1.4607254827338019
2.71694467142518	1.1042047729638123
0.8496415931952717	-0.27222009150617943
6.233169747710084	0.324581237414933
1.2954051756856018	1.2336777244151382
0.9294595070143936	-0.5044216993536684
3.5603255888370393	-0.2798115634093867
4.783490032863209	-1.1763020363684187
3.9331649322906275	1.0837286834703437
0.2794099801364157	-2.1574826655221218
5.5329724197776375	-1.2130754060055995
3.9461610344819276	-0.5312356200996206
5.580333954797926	-0.8073145676317539
5.7460536993646905	0.7288794937473368
0.6979391757663347	1.0369262107848893
4.8925642915702365	-0.5684965380617836
2.3855651816264176	1.0369958395531118
3.692966583049935	-0.4724539346182704
4.596747505820165	-1.1805504621766654
3.037306469631229	-0.7893457579010165
2.62751037065937	0.9977151990777554
2.3703618315886867	1.2301257266200596
3.3260793807921867	-0.7534777825949288
2.179462594850706	0.2013068382145507
3.79157498498175	0.3433858084001352
1.1123575054727046	-0.31867433602885764
5.947904005871396	0.8215790595588304
5.014970756510549	-1.5163861567573769
5.210811872263789	-1.181734446670013
4.708463988574872	-0.5210672322796205
4.466265223551721	-0.5684965417547031
1.2790246567344283	1.049462588210386
2.877695118109413	-1.2380088534657336
2.0625323336060486	0.5681352454265386
4.423531982611285	-1.3282011456693619
5.2901934016821635	1.4876787144096613
5.968727155100307	-1.2077822532404494
2.3420104363802796	0.9472214390554746
1.0255721338916364	0.27262490858417265
1.362679169448836	-0.08884071078570528
5.78689574014391	-0.9054465711339958
4.308209334306097	-1.2971387949606283
4.292587097568427	0.08903659212295541
4.636619994340682	-1.2709516766909268
3.538583317991549	-0.5178634934216477
2.3745932840994013	-0.26044982414013196
5.557603955327878	1.5002847515315823
0.12300575780358702	-0.6362626296394757
4.073599396084212	-0.08800495076221378
2.5641546409697167	-0.2132991035578628
2.9853309256055214	-0.4704341894090087
4.728195346137799	0.19984425840424802
5.30828283534058	0.10308409870246932
4.6820878140590985	-0.06609578457106144
0.20548152865856542	-0.7082055318247937
5.839766635834306	-1.654135616414133
4.718447470092112	-0.12061320844306998
5.206684262305325	-0.7297311236581265
1.3793014404133026	-0.1813209970723017
0.9867635143986924	0.15788290557405457
5.877914726261993	-0.6917447854943979
1.935111068733658	0.13115177798131564
4.033335023191267	0.5219186181278889
5.222052465594961	0.19066370518090922
1.440949352906923	0.3393731678719835
2.9950172919819753	-1.1470180849199032
5.55200639519485	-1.5482663159146524
5.756073712008071	-1.3516518522118877
4.519924113294932	-1.501205459316953
0.36050697212706945	-0.6151390123377218
5.465282277961821	-0.06096059432842717
1.7599589077490787	0.1762429641501904
2.431353569264454	-1.064151551212517
1.082823994118348	1.4428762067494827
2.5662540687957236	-0.2409032710708399
1.1372993116910903	0.6578956213894344
3.4374068736135865	-0.5516174243294553
5.12762383647199	-0.8191397005177843
1.627912669603119	0.6271548382721284
2.8405903935850603	-0.745207046896471
5.605677559129056	0.6000719803757698
0.7709571744475211	0.6145630680888721
1.1424409736318522	0.885461912919102
1.8135835249819197	-0.7580801960385171
2.4508645875288337	1.037266562884357
4.807152175565753	-1.1164883017527076
2.7124369691819803	-0.6871723583757416
3.1097726298666153	0.0043899708216047235
1.7080511735396202	1.415723008387336
0.7591303541385557	0.4284300205669095
4.796674840906283	0.5414745417082052
5.511802344292783	-0.47444889139022106
0.3484089585632675	-0.8754860922843725
4.647508407920419	0.16744983334910246
5.44781787212248	1.1117619809506747
2.9130879255506574	0.9254179171600388
4.8365274305369415	-1.133793187135281
0.449900968241941	2.0012753559982106
5.780329717902932	-0.4805689040255398
3.5166526878522637	-1.17128709261656
3.8799842327416356	-1.0628853675006322
0.8378385598699493	0.8471942079189446
1.350155091623627	1.0990998901947353
1.6894358674687853	0.4235762146060247
6.045897440967291	0.9714235756977945
2.516256717495453	0.525928292146827
0.7261143111817869	-0.5614657335790713
0.12583505816475268	-0.8177327976422618
4.655615345422107	-1.1719905451422252
0.8098481724103745	-0.015306645773795077
5.515762361123256	-1.0296121512579144
4.75338785466618	-0.21178041319776392
0.4926924842741691	-2.136565598641943
5.28080296574881	-0.8047028075288181
1.0446741827198824	0.047718552334314185
2.800571186614138	0.1833476113791806
2.827707638658932	-0.2831871966826722
0.35145233402144793	0.032843103621281414
1.9549913878937126	0.7024569105610347
4.689899155738884	-0.4921726219622943
0.16037526222137188	-0.4179412350025876
2.9244353988419483	1.2109929611136412
1.7906387746443855	-0.668490397976031
3.4105063248786927	-0.8602669738853324
4.658824245833882	-0.7725455984082542
6.16872867001879	-0.7608785898809916
1.4746307945305943	0.5555983473176375
0.8791820141853819	0.16678759810145566
5.10104165345313	-0.7788104454521141
0.2358807721309759	0.9305237097658413
1.5645709381658648	0.7026544404876638
5.413179321926436	-1.221543854253879
1.4264784003204332	1.027083229185471
2.243469847915941	-1.032689941490609
0.4522055598098811	-0.5893272422706015
2.6493087487277283	1.1114067524764448
6.14560869913263	-1.0328996991962611
4.27408434251808	-0.3425096536629176
0.929115315681051	0.5343570190717559
5.376762250065526	0.07917784040882181
2.7206381444223986	0.15077591707797863
2.7465612663450747	1.1530091289331033
4.2445302752255465	-1.083381946019529
4.295497240972211	-0.7052545967399935
1.2071312542190071	0.36557014735578164
6.163206092140772	-0.5016475722088765
1.6109792685981592	-0.2264424606201071
4.097782891103687	-1.7751703692543186
4.586979567815689	-1.142254575217252
6.175540971887051	0.16622823669706846
1.1568202362291906	0.651263249579633
1.7800211243300161	0.573791898258329
1.792293558803264	0.7238401973826694
0.34815254034376064	-0.15882982681692875
4.4774359693210535	-1.6296668826213514
3.595653051386339	-0.5194771668855538
1.1266867474771178	0.14168631881954066
1.787155590168246	0.326764547928623
3.6126050887960153	-0.38767797560929645
5.913769511129583	-0.35782213795258
3.653123365911604	-0.6772166817781372
5.496341889362892	-1.1613427334291286
0.3066462194606352	-1.6936436631565448
2.913468603829269	-1.0435275500313697
2.9708699698964267	0.06938904121193187
3.568716667770978	0.7046122083211629
0.6815919883738942	0.04967160123245585
6.161570025418651	-1.5170956702884375
3.335237127490608	0.8607435661800404
5.5680798210623585	0.24796471193170136
4.333863664449458	-0.023884233190656034
4.0558197682938	-0.1351269482581769
4.019784067483421	-0.2525226204154773
5.380125287830437	1.3911566487509486
4.550744863459048	-0.6538633931649496
5.346376374348722	-0.4947254894486647
2.4924554224953384	-0.657219563416018
3.963473301808717	-0.9859833858908413
3.2741435870191236	-0.9274603532811406
5.5665728572729245	0.2879589543715436
1.5195931200813222	-0.025282636054304225
3.2974009959671955	0.7585904472855345
3.182619618971777	0.23544903633907166
3.6325396511624195	-0.6579187627710932
4.114674207409197	0.18070167776744175
6.27988721505447	-0.542550768465455
1.290160552309839	0.04191048301536245
1.98993758859093	1.3579446497255208
5.8669267413625015	-0.214276382078927
3.2400687353480477	-0.3955789346397071
2.008296688700895	0.6620309300285655
4.366637057153931	-0.4225680576748357
5.763884411231963	-0.704974907544046
1.580902492608736	-0.43361541332230985
4.319502095356198	-0.30230565861512365
6.276160998438796	-0.556325010837275
2.3134860045446515	1.6609080056172913
0.7417846201569045	-0.5391246880417478
2.3233108857490894	0.584349817912094
2.253900088157708	0.09134391937481029
2.8603651679843924	0.6374190905471919
1.0839277863665977	0.19419623647547798
3.9464659817282044	-1.2579022358564236
4.983476138207756	-0.6179245167783083
2.1089619589679702	1.1479749143381042
3.3185241187722485	-0.2821687026064402
0.9127086289885238	-0.7482554024930052
5.6852646028366705	0.8289802393280112
4.520787887296214	-1.2264311337059548
4.545311309696737	-0.6775752707101144
1.3796715295363582	1.0776371086649925
5.749858584737199	-0.045168418266721175
5.622630102032743	0.019134476050478636
6.108795889930742	0.5726241314978864
1.5068532712275415	0.9634317459784083
0.7887543712995937	-0.19309358976010554
1.9675134118942488	0.1509482793718056
5.789223589113235	-0.7245548695189419
4.4943908223596	-0.9905350352305503
3.591492326937206	-0.39498471670161744
1.4819500205335254	0.4582762013865827
4.806966618417185	0.45278691980873237
0.8327229605811874	0.6940297103871462
2.234592227688248	0.17696884940983554
0.3718459671840755	1.2022506929880037
0.931330547677474	-1.694872705035502
5.719665775306026	-0.8205101852786295
3.9933734406926926	1.8556878938641277
5.355688692679002	0.8767440362269717
0.9502442162283824	-0.813309976320994
4.770871674361078	-0.3951985818562738
1.589548867342101	0.5325595863221426
2.2810345035009902	-0.14996359956654107
2.1314273802845936	0.5553721389169799
3.994529712178719	0.6071994166733989
3.4049780757853725	-1.3411711511980853
4.459985802835578	-0.6863503245293706
2.2621551581967134	0.21878615710182098
3.5159078200158658	0.6649529050224838
2.5859134803271164	1.2891157665998174
5.934636576981102	0.051793698143792775
3.046700426082677	-0.3551336294293032
2.168008930127579	0.8354748291386487
0.9386501500989608	-0.14205042420792266
0.911844619260469	1.250845213513522
5.226303615413717	-0.25270974164949644
0.006772915182234399	0.3320752756724204
1.6118677607393637	0.23006662588912094
5.429304669899393	-0.6176986474820386
6.129796958542492	-2.1229837010410186
5.764942107643585	-0.6391522974767109
2.068699783722092	1.0253742452988366
3.5067086829694034	1.2551359293389195
6.111415545945117	-0.06274111723260543
1.7043092819993086	0.5261962239794694
2.8214306703020373	-0.3783174142858328
2.2068481789499774	0.5092409153830124
4.379176329349083	-1.985680361930245
1.562375071532756	-0.043156009554059085
4.314151483904734	-1.861318379660869
1.6066409163954205	-0.11000835621149231
3.3431892509133982	0.6709045668709341
3.991901320307271	1.0340249208695222
1.4681278517033851	1.116448450322062
3.126606321558379	-0.2679349145431635
2.2512663985602517	0.724192664946402
0.9072170374136039	0.4900018312137242
0.17506595554466764	-0.23340145319882286
4.116574637833773	-0.9406799079129676
4.7232749439382555	-1.2033833391918272
6.206952966756441	0.05193211060543277
3.91513272015043	0.6628767469953863
2.4473089443963776	-0.5137522399397588
2.8707795110310923	-0.27506306469419306
0.212739527747293	0.18660567953161952
2.1679184523496122	-1.7058140025215358
2.051133888899638	0.772428779498385
6.142180860096732	0.9802523873582952
3.878799695849279	-0.9428252694951905
5.882105118826112	-1.0418580888511795
6.2337757720274904	-0.23035642185385757
5.418929068938744	-0.5976290929769187
4.4829500274935405	-1.2391624909031282
1.3344653691791173	0.5243276711134618
4.618126914899373	-0.3627462125315184
1.1120314868080965	0.5769929336761743
5.689226315609237	-0.37070482625269463
4.582106685356205	-0.407037616190396
6.14666838944807	0.03601488572410234
2.0190778179160844	1.6145192224042657
2.706302379019247	-0.8480831818658702
2.5798963028704245	-0.6809523139035518
5.330022479070985	0.1392000298876305
0.18168673435220345	-0.2528481551479681
0.9121690809241931	-0.56143471343675
6.0207189534910555	0.6666830367117318
2.9549370540102133	0.6709737647688765
0.3167987865975297	-0.842477545896579
1.2698201604075514	-0.6111933334935759
4.073963600461054	-1.0783985029091787
1.910652570252994	-0.4149270349186699
3.487339779077317	-1.096530307109039
1.1605047929346917	0.4111077621202417
5.752477797255871	-1.2784018913148292
0.1425459528902655	0.506334285338218
1.7471994088890135	0.964819589694519
4.280612076528426	-0.25755411439293274
2.1985710242667302	0.4596899029909622
2.332384248866596	0.6392777292261693
2.8507089061366297	-0.5063472662797449
5.1095257411667285	-0.7650367782176751
1.5037464629312591	1.828502089781771
2.9661797231491898	-0.44447770154010596
2.9629016124514167	-0.8531351747160623
2.33862885042043	0.9641275247870728
0.4774306799287267	0.6699356869785024
1.6987335254541518	1.0159623257290733
2.326163928196518	0.29885672262246843
5.480615456787041	0.513324027270495
4.4111608612768824	-0.6181830821533136
1.779196690153654	0.4028031180858981
5.2959821848868245	0.35429018870182644
4.22073395836947	-1.1007518138750252
1.8188000446166788	0.0520705203913781
5.4440864804592035	-1.9096929343488196
0.6511251118242766	0.9703560111001124
0.6541573987952969	0.8239175357549156
2.1791178758095064	1.237626976094395
5.215639571772115	-1.0456643755095882
3.547121152889226	-0.931544807910317
3.598691579530645	-0.9006792292532977
6.191081585687842	-0.2558239810218196
3.9983994411056893	-0.3592859424255616
5.024857674358158	-0.7069043088130667
3.5693907338617956	-0.5564519226891633
4.35460525785318	-0.054505682410570154
1.3963652712763448	0.7631552560303002
2.3478797731616705	1.112988204068012
5.792745622024763	-0.23610046095808163
1.7830975617294893	-0.06903880404283373
0.19791856667701424	0.14847354155399067
1.9524211122816855	-0.4849628258796231
2.3380870704271874	0.5880657870372432
1.1717892531597212	1.1648921889943427
5.980311533223848	0.9605288536867388
0.2578742672977285	-0.08149576042362415
4.228515483668801	-0.47499725569881573
3.6589482008494425	1.8128616826757935
5.744583675304081	-1.0501627197363952
5.208128127688902	-1.0106465002114944
4.539995623277761	0.07075595937745993
0.04559584922044202	0.46349619349090404
1.8732795021234274	-0.0228788471834865
0.22020183430774676	-0.20468124605754293
5.61732795435397	-0.06668582139347183
6.1833025620114	-0.34959720190783616
3.4609620963999017	0.07483907569895067
3.1230504963482724	1.2774200587667852
5.247727972210715	-1.4656715234532662
4.492519403610167	0.06169006008700914
3.125069305302082	-0.7841374472496287
1.786497751586701	-0.5463479535016378
6.034395213993512	-1.4067778094379926
0.09517013085863651	1.2806034981393823
1.3161341971004124	-0.14073552075083756
4.516809914479737	-1.0159753195139347
5.861681761294918	-0.23886867892347818
0.9001341565327294	0.14376757935620585
2.167402165395963	-0.031045078784858276
6.108322697434918	0.10646591502558078
3.9251960117976994	0.05511556098660207
2.9407323538999277	1.716181819666132
3.3999366021744466	0.43581406184654553
1.9092429925811398	0.32806137039800004
2.6171735413621757	0.8268241633533606
4.450133084428202	-1.1567389437145552
0.5962201052940372	0.4273018077584133
1.2723464657235715	0.7870311057560517
1.4544112541139196	1.686838788173566
1.40418071547208	0.0637662209618103
0.2830076540481281	-0.036443089984040146
1.6362106918666566	0.5844671090613296
2.391829922682023	-0.9361123546267494
1.256660822113214	-0.47541249063738633
0.31189646864117027	0.3214176538861917
0.06987516232916313	0.7496602198332526
3.9961606628593085	-0.0850252337406884
5.767742265456627	-0.5651025927555628
5.236589889352256	-1.0424809330790545
2.7274934429152373	-0.2138855459410167
2.520377879933032	0.8381046327311947
4.591981608748307	-0.32274553081391183
3.1146814319757463	0.5008670766615602
2.4600001519356107	0.7499267372226247
5.788499152371467	0.7923010980145981
0.57918980005605	-1.0927871927093822
0.5327991664336897	0.3883179344528076
1.3811624379373342	-0.5153117197775807
3.852981275372513	-0.5991330473652221
5.384861847312255	-1.0740254740431772
4.616818656181385	-0.40309813560462415
4.655905308887816	-1.635806758513984
4.847466186667983	-0.5397090756448324
2.200587809098719	0.8358881783237541
2.387524890598355	-0.8281971428235422
2.760329619054224	1.0343485694661245
1.4683836487491506	0.1822244600845529
1.9569643479097305	1.249430524152948
4.58363027745253	0.23957965187817284
2.540083220111727	-0.8538785629847956
3.6678442629803385	-0.657486959964762
3.5974427237194604	-0.9088796258473166
2.5642888773750485	0.07407710517295202
1.8037828757124343	-0.018661393242720477
3.9376114690309194	-0.1365106224162723
0.6952776856634326	0.38617781589589373
1.1603348820270725	0.20704984111317223
5.588049019416679	0.5996903673712383
5.025973187226346	-0.28774571017754896
5.201133520122281	-1.1258163801896737
1.7092520418204327	0.9749959236097069
2.7457261948709695	0.5177951465478622
5.976928029511181	0.622946333367849
5.642435645022495	0.7904463150654132
5.797166293573313	-0.6206055759775027
5.6535067991014145	1.6111106636616244
4.116769028890422	-0.8229895154959784
0.9916993845361564	1.5808636758222405
5.070293933940334	0.6354303575476803
2.212100609610001	-0.571240158038774
1.6309114421972695	0.837956971489517
3.089882588361913	1.2355911287279904
3.738925187567613	-0.21890520988778817
0.4406450770956649	-0.6696856393956548
2.8366716611734386	0.4259126976491898
2.8642668322561473	-0.5633930499388552
5.168144993175892	-0.20841862310380785
4.968252135972888	0.1586831471325049
3.014475834357195	0.9423947843014141
3.0462028942496087	-0.4411922529784874
1.2187307120297852	-0.21776381350600557
5.388211817708379	-1.1278851380514547
2.1169372270793563	0.9189961511313671
5.296945538109679	-0.37442053773772593
3.1444323616018317	-1.4793640621212811
5.74947373541933	0.10161330359458044
3.0837766023116906	0.1657455410181193
5.277943704879972	-0.8209207273736413
4.24500175193036	-0.5435612883853277
4.447309623630378	0.25277705195737865
3.213203963963264	-0.6925849153936867
0.912788630773686	-0.8799880161877699
6.107396492559547	-1.0362880491896058
3.394376917782635	0.3438034614082027
2.3597024322032567	-0.3387518786262889
1.065712426198926	1.1950001725380783
0.5325867159623137	-2.3058780447385168
1.450872552674563	0.07414843939009834
2.8991716480073073	-0.3157812693567532
3.6852181920918756	0.39195613776476024
1.1431608843146037	-0.3874752605566435
1.3081319350906941	0.22759498266385794
0.8588128084322868	2.054329371505579
1.179009150828545	1.2039886873725933
3.360314419338107	0.25277705510951987
2.419675078069643	0.48954557431515283
1.9208706239312061	-0.357014227827128
1.1112190742242536	-0.16632961966933776
3.667647596883379	-0.5051104816433136
3.2350708782425546	1.0981241259140886
3.4110541720407017	-0.0787987400576729
3.9083796661676207	-0.4904149936569278
1.3047766439883848	1.317985682451894
1.7345134241560984	-0.6681162150648297
6.131335291366165	-0.5322186517120313
1.8402304687148874	-0.09335155222686026
0.9940065316133468	1.4973990104943353
3.5038557402871793	0.23273127010042116
4.9017709968044345	-0.48834620616501906
3.9136565848469305	0.12187309815042707
2.775633331426944	-1.5831598316748794
1.9474773355444768	1.1874384265238747
0.4343780972682474	0.21981921697665263
2.7956837860370936	0.1841505664153988
2.615643189286042	0.06565929990166258
2.3208736785050545	0.6791601236279056
3.3751704928264084	0.11752152114559879
2.1284631505483524	1.27803682373711
3.9693821093851693	-0.17167991365811472
0.026812543013717535	0.6139578311418986
4.0389707059873174	0.01565185173676919
6.249883985883457	-0.4656609478699007
6.218100274101282	-1.4210101381740328
2.0413997878366934	0.28473617086039654
2.0969250024630424	1.0701599048922072
4.1872217896272	-1.1373729974494204
3.446768224117587	1.43041329071085
3.244679609586303	0.19856070204830545
0.48861340543978454	0.9355464069366601
3.2623935042681502	-0.3654320359845968
1.7178679642570458	0.0015984020834614785
1.1446607738924495	-0.23595482546561283
0.49942112619941603	-0.47707491631743393
5.749214995196727	-0.5175945149643545
3.7883416716139355	-0.9227904024563252
0.958024896389281	-0.3264818665543203
1.1180978746306758	0.1196616428546539
5.874405405931089	-0.3632919106505792
2.9580025088921547	-1.3994662690403235
2.275260724009628	0.16360542324924074
0.203156040366002	-0.7152701824359969
4.253891099710049	0.7976513969285959
3.998002632462571	-2.157496467923167
3.8911879292791234	-0.10854639597664814
1.5454478048569147	0.474992750507669
2.2394368165492926	-0.41929170393305104
5.382485336356751	-0.40452487526270414
3.406184234864442	-0.9615265618276307
1.1870729270450333	0.08492037403575652
5.55179229491497	0.6066100836813504
3.389882053180923	-0.9329203000691635
0.27492720922127545	0.23858092981139642
2.9050922886191133	-0.6445749093627064
2.9951026973062604	1.0070977309631144
3.5545455478408536	-0.2904565291072269
0.5325444846172056	-0.9867086185125865
0.3683506759311639	0.45658773791596324
4.416161873415847	-0.8473868718360511
2.1698470798214924	0.8771211500331219
4.673412965103681	0.6427780930300918
1.286092947108206	-0.9078095763404975
5.5916464426888375	1.3211245393091118
4.445120760212152	-0.6738232042926204
5.67841335622444	-0.6645493538503764
0.3951343137361576	-0.12823549319366667
5.838173497272435	-0.006462713829527598
4.038445879235601	0.5538204862014544
0.14148012649741482	0.5394816797028663
3.694760674133941	-0.5914286203081609
2.790232456688056	-0.9571036562795103
3.4796400516977926	-0.2515063626714847
2.5733107467656855	0.9262012317336934
3.1382114831234844	-1.4549666805640784
2.8090081693390023	0.3033552055680134
1.5850621341431985	1.493059760048402
1.704370972458931	1.4630616904119125
3.0392250912100773	0.5496596766249449
4.44239348564627	0.8678254144788825
1.3335493932123281	0.18209377388715875
5.189082567906412	1.019247679209001
0.038821137494414515	0.2357180165122826
0.9901460357707439	0.1588255742225043
3.5115260387010636	-0.4177245293057619
3.8971508190679014	-0.6424595104805506
3.368438522967601	0.1141506376093756
2.280719478749667	-0.13750385326877482
4.890322234091244	-1.0212657363401312
5.5830795003782985	-1.6036150075666034
0.04412419033556425	-0.1433745982799597
5.905374135679901	0.4108380372778644
0.9326641971017793	-1.3654202709469772
6.084580114240155	-0.12876933091899964
0.4716108608854359	0.4918113670935453
5.370883211865777	0.03546833872204223
2.1613652712771527	0.23364177459738825
1.379830641274916	-0.5517493409246188
5.189243017273434	0.7532742874021332
2.805148072415303	-1.2770011448370118
4.424683147471722	-0.3909482087105468
1.095352162112878	-0.31491490387725785
5.02150925662541	-0.25613585619612145
4.7733090568650045	-0.9195300406508836
5.7836575347154024	0.18853727347237192
6.268553394539274	-0.020017361179982013
4.920852565988615	-0.6332238294948532
1.6860580763182202	1.3565291467480185
5.137603228023477	0.6395107183335293
5.251982632476059	0.34003112725997625
6.000678054442315	-0.6176878280670531
4.563546914374681	-0.6440345916983025
3.775825270245148	1.2341742131586448
0.7130650652301664	0.7645146331429781
5.8232087572212095	0.6814650595587877
2.9777134070063607	-0.17079527298579458
5.216598225332074	0.6929201742911048
5.247470028831142	0.3597911987180119
5.524918145810878	-1.2995533770536707
3.716875210748892	0.2851897778483065
3.0103247225667893	0.3005109900382116
4.400064294848279	-0.9687154221493187
4.379519645870864	-0.4134288621511064
4.341934008038173	0.2444525367266929
4.886368629936522	-0.2313641757301559
1.4677663081132737	0.4400485729488356
4.186452067664389	-0.5458785847225401
2.7863684110675386	-0.6426743028819492
1.9464209553286915	-0.04249801904944667
3.7427828276535777	1.0593405668526956
5.675492768989695	-0.15053404381123006
0.42393870088823526	0.3542068332280655
0.23320593237863108	-0.9359251686606297
5.598799708154468	0.23858179064782556
4.018169610618568	-0.7641700763562393
1.1785073154209975	0.15768006388813385
3.0030262146731173	0.2247640637375663
1.4238721603961109	1.527067124712998
3.944328984945539	-0.5727265172315543
6.054224453081586	-0.3864377612548938
0.8881682662644783	0.5349112192858747
1.8471025009957938	1.7318988428698892
3.6460346689118275	0.5533825913804807
6.081074893252791	-0.6824092229177503
5.891606122378337	-1.1775564331198638
5.52510305354141	-2.0554475768743417
0.5179308119687833	-0.16191756085562825
2.7479595481359977	0.7005091814426229
1.88089153619521	2.0914461468518275
0.463787070326223	0.31812322795846315
4.444205179464335	-0.07858162083919508
2.213833451882074	-0.3093305342747569
2.6778661944250466	-0.7948840851273676
0.9610410271872905	0.9543830983958969
3.7368613862730693	-0.15053404419678204
5.982493025366656	-0.1981443519116985
1.0013740153305608	0.7676647841898692
5.586950925507408	-0.01593647709438961
0.39115001874233357	-0.6368751453069545
4.11580414794198	-0.9057123227566096
3.3462098236301863	-0.3517144463833966
4.264589515702788	-2.1045614100453993
2.9737406622687175	-1.4598533464006347
5.915496663661891	1.2063239678857784
4.750510330093338	-0.9788102480652825
1.9090073187998533	-0.09025151696197219
1.5880803251990445	0.5140056479330305
2.0466724723272414	0.036041093792376036
1.1902101812010597	1.014379262344204
0.6767310545460958	0.6224712377949153
0.2637077627728477	0.6414437677345678
1.619823672142525	1.132152117899455
3.470722909034165	0.2662888465752821
1.6398554716517895	0.3713895065919428
4.02749596860736	-0.43769938557278754
0.047263325177669735	-0.8904627019177305
1.0741769024074515	0.3760431405458519
1.1068476813543056	-0.03397827751473829
0.4659115358421051	2.033955837099206
2.1308160767293955	0.9719237512921297
0.4109630423522246	1.5024386117148378
2.0014664845504013	0.7146132900490292
2.823139565476076	0.33143979532329304
2.7539792598742547	0.13605854190329275
5.455298782728998	-0.4064842025459383
2.8896100377677363	1.0291277007022528
3.9316371389397293	0.5065598241162651
2.5265432827759007	-0.44034837976322716
3.7639501765979775	-0.5187443035759908
1.9504940153260595	0.7130382134183575
3.9519606274202665	-0.7610199132880348
3.630421579628443	-0.22635256314351254
2.563467727845932	0.4646054730841458
6.262059102327219	0.11415063725842442
5.499845222636777	-0.6439629978164736
6.179676214517692	-0.9451608566060348
5.272045849337881	0.23092118645097517
2.4046545917506705	-0.12826817137357022
1.9455455749289472	-0.35307474215945783
5.8826459233028165	-0.3817125201324409
5.893500798096923	0.3141139411554659
3.7007867901026277	0.0969679731428521
6.242557909869287	-0.6434618330512634
1.3766943445064523	-0.2646555983338727
3.2092527543380474	0.7299345022389343
4.53768171638097	-0.5117280477954537
4.863437290855137	-1.6797199037509183
5.648479051037863	1.2599482130812492
5.566365846722629	-0.6486166298722807
3.4973849751340866	0.3911495631815116
1.0055329211035682	0.09797029223371098
5.727268877503096	-1.3123687932563557
5.960738700277402	-0.4263158621914963
5.9170371034612685	0.2819680300724335
3.3140248520315225	0.19362047925871365
3.0920574888133294	0.7833439645235168
2.360986290612902	0.5349112268782833
5.287506960773126	0.7998106876804931
4.4768120624566	0.13391772118912595
2.08479670712609	0.39945304333731435
5.139161949736254	0.09466223980584322
2.0853093140421306	-0.13315977694203707
5.57365103469177	-0.7915303473656925
4.394773199829729	-1.6613197454936668
5.847925889823346	-1.0091879935557608
1.7803762689956724	-0.06074742647449032
2.3311817149116827	1.0325178382895737
0.9024331445846077	0.4204126605661698
3.418678814680632	0.39426571333013166
1.8179595462444862	1.1556819422471647
2.935726903665413	0.8970864119836441
0.3657061886383097	0.4290348573866429
2.162899731478794	-0.9550014108861831
4.508556236085435	-0.3539718865157592
0.14941069571948454	-0.2937567730746819
1.6629521790383155	-2.1851701856867853
3.62483423203094	-1.3000290849030525
1.4091047556128133	-1.0490743694045392
0.3206151051225925	0.713286635689001
0.4066535610631554	-0.48190270583084427
0.8804345168485703	-0.9419629837040895
3.274997474464082	-0.8018349153599995
0.5922913907354347	0.35767398811870577
5.192474817887993	0.8930206641012365
4.7847142242889	-2.1180853549193452
2.840730189037696	0.39840155400695476
6.093564045151003	0.48903967242734186
0.19715015691049587	-0.5264156177592965
1.9369614390504157	1.2241687435077704
1.0343416208727216	-0.7114070925135872
5.053317807321839	0.10118145215791857
6.188111663524401	1.8540089707053213
1.9402739541047263	-0.707761952814986
0.2766803387489114	-0.03726423184826615
5.022851117152795	0.7565377611644045
5.660898736430112	0.06430933594528815
3.250369059293143	-1.5114478942551075
2.1127518210668623	0.7208573296278645
1.5761338567095953	1.1884883094932874
1.6578553001162604	0.551918537200544
3.8755359276758803	0.4436154682952823
6.047993500540217	0.8775988653987622
2.7238903678975674	0.6000065132239101
1.434442725812091	1.223187344339012
5.258673903090788	-0.6609357632446685
0.25726155281484964	1.1966197928683886
0.7210003907405719	1.5333056805023537
0.9139095576153256	0.48686658842762165
0.9011402546969633	-0.018267380743670576
3.7387805235009086	-1.7499950754883085
2.16876758719458	1.798210113915289
3.927635613670601	-0.3148565930830967
0.8671309374949852	-0.30420153316241977
4.147780291989543	0.7293393180159711
0.4842412079277212	-0.30462212764010504
5.312496857254583	-1.0276240474031118
5.838979704404744	-1.4074208647021353
5.694242941912201	0.6323221942045966
4.573499793593809	-0.4856179530366464
0.002664531336417836	-0.9364952625408308
2.1580827649410494	0.9966972072257743
1.0743308461305034	0.7240117954507432
5.751235795874014	0.5615922228093266
0.6195480103874118	1.0896485918275411
2.9898630704652014	-0.780314498550828
2.7415781136398243	-0.34373742157609966
2.180602277885085	-0.33946137115050307
1.7617544901197069	1.6460250200358069
2.5140413114541644	0.33692466592177506
3.85009755793293	0.2164243439995692
1.7232448022216917	-1.6249383212767154
4.822777149530355	-0.47426190949553676
3.257131906415479	1.1828803668110268
5.762467696382677	-2.0064876314275097
5.902577160775738	-0.5776580518619701
0.3075765601484841	1.335766473194463
1.2754608726912644	-0.4767854731867841
4.876610166604746	0.6690541011330677
0.0074939443848185405	-0.3168894673340434
3.1157484544245175	-2.3509545122912274
2.158849589558372	-0.3509576210332148
0.8443359666899326	-0.8416511933036054
6.205976543819469	0.8918990926625899
1.084417496252179	0.19925006483503846
1.4890405791861632	0.5442076400175068
3.8584073056400814	1.50098999549501
1.185821861379285	0.6184425748148324
2.6982901513409323	-0.678460525740205
1.9808741610204796	-0.10743341314909498
4.23190406411697	0.6572774656696513
5.562424647727109	-1.3330457539180072
0.1945924737638789	0.6069463198213636
4.413342269986723	-0.2456688025492513
6.1505010792322885	-0.6120066033766888
1.2118412729114754	-0.12110273410460254
4.744789237773446	-0.6103242294926048
2.3382929076180745	0.24859981956788194
2.2466917014700876	0.02021701067351415
5.464838472306098	-0.9630627920197116
3.725939733073936	-0.3246704596926442
2.5626353977303484	0.041036439835595885
2.1336949921073467	1.4297693443389037
5.760767327381617	-0.30903837573450393
2.365830472151465	-0.8667466596497767
0.39969417426174125	0.894422646984116
2.595327684947205	0.36440350378832725
1.9568424387557712	1.002936035390988
1.2985100092046302	0.9369027023169642
3.528880755399028	-0.2051515337836914
5.22626416647922	-1.5548392564269127
3.854169818159298	-0.5390334587493261
3.908392934092573	-2.0022817001244713
3.589709180582687	-1.3311530726897198
0.14976158526418004	-0.11913996280863513
1.423736139570624	0.6179518857617103
6.240243559518478	0.6084885062581595
5.325878572741332	-0.4718785418469416
2.1012242220234603	1.6188265570638307
2.4501255514865576	-0.555436641133416
1.4721108702704608	0.38947793121821683
2.1230977199802634	0.6154020641021831
1.1276529225252467	-0.8423897877916634
3.1662044805351677	0.9888841659455558
2.6095983020807263	0.19983053314132948
2.1903029788838495	0.757637603183014
1.0533742109891477	1.2224418224923408
2.6468433260809365	-0.3294033768162161
1.4473404806814019	0.17826059097440597
0.9437567238982574	-0.8818179702514711
5.999961540832949	-0.8090544293058562
1.5169395168114166	-0.6332734167756405
2.3870376185946593	2.0855896071157503
5.009267171855674	0.07097114418606233
4.35214068707546	-0.43501204523615944
4.206208098217286	-0.8140967651073145
2.678516907060189	0.6670158394283079
2.828714008344032	-1.3589478563876203
0.27235511951619484	0.5636482024376467
0.2901756052195186	0.11137766906285196
1.1123492259681094	0.3013592540371697
2.882687357933554	1.028779496965669
2.0466530320847225	-0.5466775355168316
5.3145519771252445	0.2076321958253046
0.7260745682118133	-1.046133914737964
0.5021294127942602	0.10498878498653066
0.2889356427168872	-1.8712830446808706
0.6997726605505186	1.0093320208684486
3.8623737824750246	-0.6734723465336857
4.197117509893005	-1.371264993370793
1.714172580956756	1.8562454645383382
2.661802010952097	-1.070917200373758
2.180088909731735	1.265800129819543
3.605203658051348	-0.3479902144111039
0.012419907980789624	-1.5533833589557804
5.419420108497596	0.2966553500868136
1.0111956812822491	1.0930193881164143
3.680359992714699	-0.8116407658779198
3.9553946750786273	0.008523633027819881
3.435948484862221	0.44725050767081403
4.561410308577515	-2.0465912393556227
5.677055796710588	-0.4903008949327339
1.9108484848434362	0.6594176665269319
1.7712829503349843	-0.0394281130921153
3.404701121565372	-1.165978172071328
4.282759415501779	-0.9766284681776848
4.950685903922999	0.37156678679207683
6.016072757033177	-1.1788963647220927
3.986167552779122	-0.4446659998984436
5.257589727716294	-0.38744684908692906
5.837809391036528	-0.5613509073581846
1.0578670150094656	-1.13929933781124
2.045790496316184	0.6097041795289891
3.8064037144361933	-1.6472343020609792
2.429868024438323	0.1619463998695339
5.828179605792204	-0.31082653626581663
1.452320613584071	0.9171595314198782
2.393570704415033	0.6610940114888121
4.4316222429109455	0.0080487808567431
5.520141658450847	-0.6462200245868307
3.604373836546296	1.5222137225436028
2.2574899778942945	-0.056664350575180975
5.399283920269122	-0.25529016403270766
4.208856026873022	-0.6831309719324663
3.277002574844796	1.2959216777190763
5.204957987088992	-1.1498540707989418
4.910830483663386	-0.26487478214029275
4.960452878567635	-0.6422774202444771
2.7315773683023914	-0.5728059633111363
3.622352794284877	-0.6102607285924249
1.8774462327899322	1.1695543355518268
2.2571949503793736	1.1910347307125178
4.87221855543849	-0.9591134657257604
6.128601392803336	0.29619896048324335
3.9491326128351423	-2.211570884566886
0.6013038370831261	-0.06325802290032155
4.1502963274758	-1.0527163791946235
5.105365371038353	0.13455208287686987
0.25461290047253654	0.8104372469383513
2.3177042359250297	1.1606494940407115
2.8989800794636604	-0.926756889666095
5.11871717207837	-0.4038856546265102
0.5868089496032338	-0.15910415156306962
0.625635323576267	0.08520151716120042
3.7882354032555243	-0.37567562004157734
3.896585652648909	1.4192301202901314
5.166410925532527	0.5276571755258697
4.300018900221981	-1.0696423934577721
4.746446804427405	-0.7091657696167364
4.03452210427243	1.1015783575169409
5.932766892343517	0.22013383497928232
5.346625836043006	1.1302642165760424
5.192361075626998	-0.6043468166723853
0.11547410198002783	0.590874839172719
0.25840382715214805	-0.7377156862063896
2.1573738460617866	-0.01825792418090965
1.2877417931149573	1.0699695281151818
3.41331823897756	-1.0172329112787257
4.253388379118412	-0.3686740968047949
5.541956740953936	1.0121899441423463
5.653264337146034	0.14896298574367606
6.0693410906159535	-0.9375650686934598
1.1121313906231425	1.1940936747622326
5.776504117050919	0.6428084704082289
0.781691268728907	0.14841917748529937
3.63605156256117	-0.8501479562885956
2.1649405256095893	0.6525290387946644
2.3157622100338013	-0.8910695002366227
2.356257167150314	1.3127797165424382
0.7783952909747791	0.7044626952980959
4.797355503508421	-0.3888629646918585
2.235618420829902	0.12082093050323114
2.284867815234488	1.1819259689174333
4.672575960776605	-0.9631240346948824
1.5099075051813893	1.1037535836045853
1.2644708385440717	1.1069484605121764
2.1421167640572527	-0.5993845753267197
6.234099421403901	1.0539343086753554
3.6864699762464728	-1.0751121021076846
0.6961971929040489	-0.3005054339662678
4.824731757438492	0.27818902469904516
0.5084113070354297	0.09125196030519887
3.0805169665270515	0.9848794499781168
0.425359925824603	-0.205730820195758
3.445252049281976	-0.6776615168650391
6.068805184928273	0.7383984619602295
4.153970734599961	0.9123417095509323
4.206413958559915	-1.3804671891949023
2.6711128343526425	0.7036366206570418
5.160258399939156	-0.1916653324418023
2.2143811207190014	0.0937971479740221
3.131148759246167	0.8877605939888934
5.790383914614326	0.613483521588971
6.2014726359702435	0.5250718705442662
2.869303684755444	-0.1345326492663066
4.435844694105494	-0.17646120684135705
1.624332897434889	-0.28074676800415943
2.466006020611312	0.6688077938870485
0.7635498893529089	0.7844127277380819
0.12349081142969963	-0.03319413903782015
3.2096942052945305	-0.9254820655760211
0.8608086253819739	1.1762370963780702
0.5763206520424449	0.6072545202337557
0.7847657756182267	0.834043804819887
3.355187738225129	-1.8990149239182732
5.978342841898435	0.6139523764530708
1.5608456578788417	0.50604997272615
6.2450553163909275	0.577650017242498
0.39250662228902655	0.22695046362805193
4.39473750539276	-1.0325807231649884
1.729679511482503	-0.02642930828350904
5.368722231205611	-0.7192551740009034
2.27502038535928	0.19078205359845388
6.189296371531979	1.1552728114309978
1.820246307765278	0.744895389302872
5.753569747163741	-0.3139011413736762
5.454272673122684	-0.7680825178187642
1.1825951865800022	0.11482840253585161
1.092224069658905	0.3133527506134247
2.7920665708792116	0.5431560733394085
0.4015564564771523	0.48662620309686283
0.5829891770990621	0.9443574511040269
4.637357112006619	1.3851431334596471
6.272660833705735	-0.590187555340409
3.5016547994662126	1.2308915786463481
1.176513931653486	0.27825600703983394
0.0312665659957716	-0.3897878128700606
0.03695010759922024	0.554475443697
5.945105585850653	0.6705492335682044
1.4046117527045112	0.49600319209660526
3.3841102012855693	0.7272800431198093
5.763062363630162	-1.525140787879702
2.9254679413270495	-0.49079142365820644
3.3106412602722717	0.32782011213924833
2.275782088890539	-0.32964109292350074
4.501725688223981	-1.0349249695270613
6.129237984871731	-1.2679432478013437
4.278749932806895	-0.6923967974696084
4.607471646180697	-0.23955497557656466
2.0650474171752142	0.23719816740015612
0.6680436955423872	-0.16895961236386997
1.9809826214439692	-0.3631973348486921
0.96033050088867	1.6571971911250178
5.607424644149853	-0.07023911617838587
2.780225834610974	-0.591669463142116
5.495827117109552	-1.8077327994225916
0.9544736395855686	1.54298877890954
4.732123639895766	0.40988180070997177
2.830956392912073	0.10451598759501371
1.0116018021243658	0.7645219406374896
2.383416150689497	-0.9064851468697004
4.32866140266432	0.006034838697086104
3.2068797976689787	0.2183869222548296
3.145068936973832	-1.1077673727474948
1.488334552606167	1.312614425283533
2.8276454627503638	0.45584866953849895
3.034948564619804	0.12179575293748188
5.930420954237367	-1.5099268571329478
5.105647488465525	-0.9552194805283145
5.082169642912372	-0.48758588477801945
2.2300726086957336	0.8189261855238795
2.9499187104218425	0.12125576015635425
1.9133917983877815	0.7586495230573149
5.272176452905159	-0.28022873511677876
0.0007484473417646645	-0.403347044923106
1.1668869080995812	-0.7745244591869966
5.1094639060474645	-1.1407069338875517
4.164782600831025	-0.33173052778952006
1.5982014631993566	1.283927334100466
2.4977852398995974	-0.09339129630023385
3.7693133905710585	-0.9105350937720478
1.3874951552387227	0.5482549026312843
5.207901256804127	-0.4842109387690387
5.1461094205026665	-0.3167457317668443
2.9072709303104176	-0.5554224612422154
4.553466920856785	-1.083872710003295
0.95235923072907	-0.256334063126694
0.700096358472287	-0.37877738665411775
3.875961332744468	-0.13098828455220518
0.3887948150428959	0.6640833191382735
1.9729904284811628	0.2450490629523079
2.294236079273313	1.1334718798698773
5.815730681256216	0.719027560086589
2.7803797799986674	0.07009146062306473
4.410601640769051	0.22122188901597387
0.8604014620934572	-1.4677399532815403
1.2917666317992982	-0.9465795888721682
2.9576957636000123	-0.5844470574949082
0.4664391208941286	0.10370599909439455
0.9755079391396073	1.4551049827862548
2.068735271050791	0.6630708303249062
6.231361628552076	-0.8216388016772909
3.982959210590078	-0.7944366783393328
2.4915194521445008	-1.4499201745038308
1.9250753389005926	1.0755576638617697
5.987146279242656	-1.2412805554461392
5.41943852701162	-0.2919060763616563
0.2069023684312974	-0.7511697835570917
1.612729465043543	1.47238473746613
2.5256790149052826	1.0731951935429647
4.845722755112412	0.2615188352457781
4.588463850513017	-0.9612268957818259
5.478072796941855	-0.7548822240476687
2.5519898307427216	-0.3157393588126536
3.9909694007930963	-1.058680814802598
1.1044448184446756	1.6279579903803274
2.90297151886271	1.272254955589769
4.6456359944062395	-0.16350177061737056
4.015244063272995	-0.6885183249540028
0.068501371540175	-0.28840407480354513
0.13638520767401907	-1.52854480854593
5.354094603311732	-0.14484217013760275
2.191767477622726	-1.3055246623206604
3.0875069930648564	0.6891251035365871
5.364475959643952	0.2059721695797802
3.4409225402851504	1.0170108454658962
4.499659432434626	0.4161853508247464
2.844699155153098	-0.34438288408664086
4.36388744189489	-1.219249790680136
5.864734112067463	-0.5980433411779494
4.4021142420383015	-1.0463558396591814
0.7701692657640304	0.8488678304200857
0.25224615574574116	-0.1269399664895785
0.8400600842850464	-0.22271675358729257
6.063751012926096	0.9230242773382157
2.6484585938804415	1.0055121284438413
4.754868586439689	-0.8834457805455644
0.6539600010010798	0.4732658379072348
2.1002853649628985	1.3759500537911589
1.811587428383917	1.4257319183409656
6.136706704547779	1.392406289116976
0.6493489993910142	0.9144174503161565
3.408547274652794	0.6099422803147159
4.81106168479017	-0.07867286909599466
2.559902716948164	-0.7115157751230482
0.5062694179905807	0.7994302180298182
0.09779909617116722	-1.7980418209108955
2.506568971021263	0.012008677384934772
4.9416170879037145	-0.7860853261158149
1.6628049066192192	1.9831101438291425
4.010530982478529	-1.100337862285371
4.937514505335698	-0.3516126225684455
4.078934871489972	-0.2848236292573765
2.2184490201513736	-0.06724300147902389
1.2857228094192328	0.4643835906366869
6.27373744638768	0.22029393138010267
5.327276604364235	0.716598106207789
2.551902928944951	1.6979831311371723
4.68775429699996	-0.9024496558795773
1.8386369516622505	1.6269251401945377
2.2579729869139253	0.8468022115859157
6.018164689413177	-0.02475969538049254
6.161473553236859	1.6158395817448379
0.47819250256198664	1.1994067718801211
4.125018579575375	-0.7356837419621195
2.756875593560668	1.1182960166926685
2.7803353556574177	1.8774183137347782
5.41660892878769	0.5689049195774722
0.6334962258583662	0.3713609884537665
2.353345406303824	0.3288088293752833
2.072228829395187	1.2825831532036014
1.6479049035015882	0.6593799085256749
2.041146201230518	2.078336114389099
5.7793310524694546	0.7274082827057218
5.432738777923592	-0.9999478050882611
4.919009834981445	-0.5207884444452664